307 0 APW19980602.0026 1
307 0 APW19980602.1652 0
307 0 APW19980603.0021 1
307 0 APW19980603.1617 0
307 0 APW19980609.0667 0
307 0 APW19980609.0760 0
307 0 APW19980624.0746 0
307 0 APW19980630.0364 0
307 0 APW19980709.0263 0
307 0 APW19980731.0324 0
307 0 APW19980810.1038 1
307 0 APW19980814.0104 0
307 0 APW19980821.0695 0
307 0 APW19980825.0515 0
307 0 APW19980825.0535 0
307 0 APW19980915.0811 2
307 0 APW19981004.0451 1
307 0 APW19981022.0710 0
307 0 APW19981103.0372 0
307 0 APW19981106.0904 0
307 0 APW19981106.0920 0
307 0 APW19981111.0561 0
307 0 APW19981115.0202 0
307 0 APW19981116.1364 2
307 0 APW19981130.0743 1
307 0 APW19981208.0693 0
307 0 APW19981230.1192 1
307 0 APW19981231.0188 1
307 0 APW19990301.0236 0
307 0 APW19990627.0096 0
307 0 APW19990701.0083 0
307 0 APW19990701.0095 0
307 0 APW19990701.0169 0
307 0 APW19990813.0038 0
307 0 APW19990909.0053 0
307 0 APW19990927.0036 0
307 0 APW20000114.0258 0
307 0 APW20000407.0035 0
307 0 APW20000412.0013 0
307 0 APW20000523.0084 0
307 0 APW20000523.0118 0
307 0 APW20000711.0083 0
307 0 APW20000712.0135 0
307 0 APW20000812.0037 2
307 0 APW20000906.0044 0
307 0 APW20000930.0216 0
307 0 NYT19980603.0152 2
307 0 NYT19980603.0153 2
307 0 NYT19980603.0157 2
307 0 NYT19980603.0158 2
307 0 NYT19980604.0069 2
307 0 NYT19980604.0070 2
307 0 NYT19980604.0073 2
307 0 NYT19980604.0074 2
307 0 NYT19980609.0206 0
307 0 NYT19980609.0207 0
307 0 NYT19980610.0161 0
307 0 NYT19980612.0319 0
307 0 NYT19980616.0333 0
307 0 NYT19980616.0338 0
307 0 NYT19980623.0383 0
307 0 NYT19980623.0443 0
307 0 NYT19980623.0452 0
307 0 NYT19980623.0502 0
307 0 NYT19980709.0313 0
307 0 NYT19980715.0039 0
307 0 NYT19980727.0265 0
307 0 NYT19980727.0304 0
307 0 NYT19980728.0267 0
307 0 NYT19980803.0302 0
307 0 NYT19980803.0304 0
307 0 NYT19980815.0072 1
307 0 NYT19980901.0302 1
307 0 NYT19980901.0459 0
307 0 NYT19980918.0272 0
307 0 NYT19980923.0261 0
307 0 NYT19980923.0435 0
307 0 NYT19980925.0485 0
307 0 NYT19980929.0332 0
307 0 NYT19981109.0114 0
307 0 NYT19981117.0359 0
307 0 NYT19981124.0323 0
307 0 NYT19981127.0214 0
307 0 NYT19981203.0067 0
307 0 NYT19981217.0311 0
307 0 NYT19990118.0033 0
307 0 NYT19990208.0420 0
307 0 NYT19990222.0410 0
307 0 NYT19990304.0134 0
307 0 NYT19990304.0178 0
307 0 NYT19990304.0209 0
307 0 NYT19990312.0334 0
307 0 NYT19990316.0096 0
307 0 NYT19990401.0246 0
307 0 NYT19990401.0254 0
307 0 NYT19990502.0232 0
307 0 NYT19990503.0006 0
307 0 NYT19990523.0200 0
307 0 NYT19990628.0228 0
307 0 NYT19990712.0395 0
307 0 NYT19990826.0169 0
307 0 NYT19990915.0066 0
307 0 NYT19991007.0342 0
307 0 NYT20000103.0275 0
307 0 NYT20000105.0305 0
307 0 NYT20000114.0249 0
307 0 NYT20000117.0251 0
307 0 NYT20000211.0274 0
307 0 NYT20000211.0327 0
307 0 NYT20000220.0040 0
307 0 NYT20000223.0185 0
307 0 NYT20000304.0113 0
307 0 NYT20000412.0445 0
307 0 NYT20000422.0109 0
307 0 NYT20000424.0197 0
307 0 NYT20000429.0114 0
307 0 NYT20000501.0259 0
307 0 NYT20000515.0362 0
307 0 NYT20000519.0115 0
307 0 NYT20000522.0068 0
307 0 NYT20000522.0069 0
307 0 NYT20000522.0070 0
307 0 NYT20000524.0100 0
307 0 NYT20000524.0117 0
307 0 NYT20000524.0245 0
307 0 NYT20000524.0247 0
307 0 NYT20000525.0040 0
307 0 NYT20000525.0042 0
307 0 NYT20000610.0116 0
307 0 NYT20000617.0111 0
307 0 NYT20000617.0185 0
307 0 NYT20000621.0113 0
307 0 NYT20000621.0114 0
307 0 NYT20000621.0115 0
307 0 NYT20000705.0070 0
307 0 NYT20000707.0309 0
307 0 NYT20000711.0266 0
307 0 NYT20000718.0357 0
307 0 NYT20000718.0379 0
307 0 NYT20000801.0357 0
307 0 NYT20000804.0078 0
307 0 NYT20000811.0365 0
307 0 NYT20000819.0137 0
307 0 NYT20000825.0345 0
307 0 NYT20000904.0023 0
307 0 NYT20000908.0329 0
307 0 NYT20000921.0344 0
307 0 NYT20000926.0149 0
307 0 NYT20000926.0151 0
307 0 NYT20000926.0261 0
307 0 XIE19960107.0117 0
307 0 XIE19960112.0182 1
307 0 XIE19960115.0167 1
307 0 XIE19960116.0248 1
307 0 XIE19960117.0047 0
307 0 XIE19960120.0117 0
307 0 XIE19960120.0138 1
307 0 XIE19960125.0224 0
307 0 XIE19960202.0198 0
307 0 XIE19960203.0186 0
307 0 XIE19960211.0052 1
307 0 XIE19960216.0194 0
307 0 XIE19960218.0061 0
307 0 XIE19960223.0130 1
307 0 XIE19960305.0207 0
307 0 XIE19960306.0247 2
307 0 XIE19960308.0121 0
307 0 XIE19960317.0002 0
307 0 XIE19960318.0051 0
307 0 XIE19960320.0121 0
307 0 XIE19960322.0264 1
307 0 XIE19960327.0035 0
307 0 XIE19960327.0211 1
307 0 XIE19960405.0024 0
307 0 XIE19960412.0138 0
307 0 XIE19960414.0024 0
307 0 XIE19960422.0139 2
307 0 XIE19960424.0184 1
307 0 XIE19960426.0207 0
307 0 XIE19960506.0029 1
307 0 XIE19960508.0099 0
307 0 XIE19960508.0250 1
307 0 XIE19960512.0027 0
307 0 XIE19960514.0105 1
307 0 XIE19960522.0075 1
307 0 XIE19960529.0175 0
307 0 XIE19960531.0178 0
307 0 XIE19960601.0018 0
307 0 XIE19960602.0025 0
307 0 XIE19960604.0206 1
307 0 XIE19960604.0226 1
307 0 XIE19960604.0299 0
307 0 XIE19960612.0127 1
307 0 XIE19960614.0182 0
307 0 XIE19960616.0076 2
307 0 XIE19960618.0150 0
307 0 XIE19960619.0030 0
307 0 XIE19960619.0089 1
307 0 XIE19960623.0121 1
307 0 XIE19960623.0122 2
307 0 XIE19960624.0046 1
307 0 XIE19960628.0215 1
307 0 XIE19960701.0131 1
307 0 XIE19960702.0101 2
307 0 XIE19960713.0175 0
307 0 XIE19960722.0003 2
307 0 XIE19960726.0192 0
307 0 XIE19960802.0128 1
307 0 XIE19960806.0027 1
307 0 XIE19960806.0101 1
307 0 XIE19960815.0223 1
307 0 XIE19960821.0172 0
307 0 XIE19960827.0079 1
307 0 XIE19960830.0197 0
307 0 XIE19960831.0067 0
307 0 XIE19960904.0206 2
307 0 XIE19960909.0080 2
307 0 XIE19960913.0269 1
307 0 XIE19960915.0144 1
307 0 XIE19960918.0222 0
307 0 XIE19960922.0097 0
307 0 XIE19960923.0118 0
307 0 XIE19960928.0013 1
307 0 XIE19960929.0108 0
307 0 XIE19960930.0037 2
307 0 XIE19961004.0058 1
307 0 XIE19961006.0133 0
307 0 XIE19961008.0051 0
307 0 XIE19961017.0153 0
307 0 XIE19961021.0205 0
307 0 XIE19961025.0105 0
307 0 XIE19961025.0111 0
307 0 XIE19961025.0255 0
307 0 XIE19961030.0250 0
307 0 XIE19961105.0073 1
307 0 XIE19961110.0139 0
307 0 XIE19961111.0203 1
307 0 XIE19961118.0175 0
307 0 XIE19961126.0082 0
307 0 XIE19961130.0003 0
307 0 XIE19961203.0196 1
307 0 XIE19961209.0004 1
307 0 XIE19961210.0114 0
307 0 XIE19961210.0140 0
307 0 XIE19961210.0221 1
307 0 XIE19961211.0133 0
307 0 XIE19961217.0177 0
307 0 XIE19961217.0184 2
307 0 XIE19961218.0142 0
307 0 XIE19961225.0002 0
307 0 XIE19961226.0026 0
307 0 XIE19961226.0101 2
307 0 XIE19961226.0219 0
307 0 XIE19961227.0139 0
307 0 XIE19961227.0145 0
307 0 XIE19970102.0055 0
307 0 XIE19970102.0072 2
307 0 XIE19970108.0125 0
307 0 XIE19970110.0217 1
307 0 XIE19970112.0039 2
307 0 XIE19970114.0096 0
307 0 XIE19970117.0003 0
307 0 XIE19970117.0062 0
307 0 XIE19970120.0005 1
307 0 XIE19970121.0185 1
307 0 XIE19970121.0201 0
307 0 XIE19970123.0095 0
307 0 XIE19970127.0073 0
307 0 XIE19970129.0228 0
307 0 XIE19970130.0249 2
307 0 XIE19970203.0033 2
307 0 XIE19970212.0184 1
307 0 XIE19970214.0087 0
307 0 XIE19970215.0096 0
307 0 XIE19970218.0193 1
307 0 XIE19970227.0030 1
307 0 XIE19970301.0278 0
307 0 XIE19970302.0127 1
307 0 XIE19970304.0350 0
307 0 XIE19970306.0116 0
307 0 XIE19970306.0202 0
307 0 XIE19970307.0157 0
307 0 XIE19970308.0190 0
307 0 XIE19970311.0125 0
307 0 XIE19970311.0198 1
307 0 XIE19970323.0146 0
307 0 XIE19970324.0007 0
307 0 XIE19970324.0184 1
307 0 XIE19970327.0277 0
307 0 XIE19970329.0152 2
307 0 XIE19970404.0212 0
307 0 XIE19970409.0147 0
307 0 XIE19970409.0152 0
307 0 XIE19970409.0175 0
307 0 XIE19970409.0177 0
307 0 XIE19970417.0091 1
307 0 XIE19970417.0172 0
307 0 XIE19970419.0120 0
307 0 XIE19970421.0169 1
307 0 XIE19970422.0189 0
307 0 XIE19970423.0207 0
307 0 XIE19970424.0172 1
307 0 XIE19970502.0182 0
307 0 XIE19970506.0256 0
307 0 XIE19970512.0203 1
307 0 XIE19970513.0108 0
307 0 XIE19970513.0233 1
307 0 XIE19970513.0237 2
307 0 XIE19970515.0211 2
307 0 XIE19970516.0090 0
307 0 XIE19970521.0221 0
307 0 XIE19970602.0227 1
307 0 XIE19970619.0251 2
307 0 XIE19970621.0161 0
307 0 XIE19970624.0291 0
307 0 XIE19970625.0068 0
307 0 XIE19970626.0049 0
307 0 XIE19970627.0058 1
307 0 XIE19970627.0220 1
307 0 XIE19970628.0140 0
307 0 XIE19970726.0082 1
307 0 XIE19970726.0166 0
307 0 XIE19970730.0179 0
307 0 XIE19970801.0090 1
307 0 XIE19970805.0215 1
307 0 XIE19970810.0045 0
307 0 XIE19970811.0146 2
307 0 XIE19970812.0094 0
307 0 XIE19970815.0170 0
307 0 XIE19970817.0064 2
307 0 XIE19970819.0246 2
307 0 XIE19970822.0205 0
307 0 XIE19970822.0251 2
307 0 XIE19970825.0219 1
307 0 XIE19970829.0228 1
307 0 XIE19970905.0055 0
307 0 XIE19970908.0095 2
307 0 XIE19970910.0022 0
307 0 XIE19970911.0159 2
307 0 XIE19970912.0014 2
307 0 XIE19970919.0200 0
307 0 XIE19970923.0117 0
307 0 XIE19970925.0279 0
307 0 XIE19970930.0160 1
307 0 XIE19971004.0039 0
307 0 XIE19971013.0142 1
307 0 XIE19971014.0002 1
307 0 XIE19971019.0171 1
307 0 XIE19971028.0077 1
307 0 XIE19971028.0079 1
307 0 XIE19971028.0094 1
307 0 XIE19971029.0099 1
307 0 XIE19971103.0191 1
307 0 XIE19971103.0225 1
307 0 XIE19971104.0258 2
307 0 XIE19971105.0129 1
307 0 XIE19971105.0162 1
307 0 XIE19971106.0003 1
307 0 XIE19971106.0004 1
307 0 XIE19971106.0097 0
307 0 XIE19971106.0098 0
307 0 XIE19971106.0209 2
307 0 XIE19971106.0212 2
307 0 XIE19971106.0232 2
307 0 XIE19971106.0234 2
307 0 XIE19971107.0117 2
307 0 XIE19971107.0189 1
307 0 XIE19971107.0246 2
307 0 XIE19971108.0131 1
307 0 XIE19971108.0143 0
307 0 XIE19971110.0066 1
307 0 XIE19971112.0090 2
307 0 XIE19971112.0250 0
307 0 XIE19971120.0153 1
307 0 XIE19971120.0212 1
307 0 XIE19971120.0224 0
307 0 XIE19971120.0235 2
307 0 XIE19971121.0197 1
307 0 XIE19971121.0198 2
307 0 XIE19971202.0007 0
307 0 XIE19971202.0110 1
307 0 XIE19971211.0031 1
307 0 XIE19971211.0333 1
307 0 XIE19971217.0154 1
307 0 XIE19971217.0311 0
307 0 XIE19971218.0166 0
307 0 XIE19971223.0243 0
307 0 XIE19980104.0140 0
307 0 XIE19980112.0151 0
307 0 XIE19980112.0232 0
307 0 XIE19980116.0067 0
307 0 XIE19980122.0028 0
307 0 XIE19980126.0010 0
307 0 XIE19980126.0145 0
307 0 XIE19980127.0152 0
307 0 XIE19980128.0081 1
307 0 XIE19980206.0059 0
307 0 XIE19980206.0209 0
307 0 XIE19980212.0209 0
307 0 XIE19980217.0255 1
307 0 XIE19980301.0008 1
307 0 XIE19980303.0074 0
307 0 XIE19980308.0126 1
307 0 XIE19980310.0277 1
307 0 XIE19980312.0193 1
307 0 XIE19980312.0267 1
307 0 XIE19980318.0201 1
307 0 XIE19980322.0036 1
307 0 XIE19980324.0184 0
307 0 XIE19980325.0052 0
307 0 XIE19980416.0287 0
307 0 XIE19980424.0279 0
307 0 XIE19980426.0060 1
307 0 XIE19980429.0101 1
307 0 XIE19980430.0252 0
307 0 XIE19980502.0110 1
307 0 XIE19980511.0211 1
307 0 XIE19980514.0070 0
307 0 XIE19980516.0108 0
307 0 XIE19980521.0276 1
307 0 XIE19980526.0101 1
307 0 XIE19980527.0011 0
307 0 XIE19980527.0181 0
307 0 XIE19980529.0217 0
307 0 XIE19980601.0168 1
307 0 XIE19980613.0107 0
307 0 XIE19980617.0181 2
307 0 XIE19980619.0294 0
307 0 XIE19980629.0164 1
307 0 XIE19980702.0209 1
307 0 XIE19980705.0166 0
307 0 XIE19980706.0219 0
307 0 XIE19980709.0236 0
307 0 XIE19980710.0164 1
307 0 XIE19980713.0129 0
307 0 XIE19980713.0213 0
307 0 XIE19980714.0189 0
307 0 XIE19980715.0253 0
307 0 XIE19980715.0268 0
307 0 XIE19980723.0173 0
307 0 XIE19980728.0208 0
307 0 XIE19980811.0094 1
307 0 XIE19980811.0104 1
307 0 XIE19980812.0120 1
307 0 XIE19980813.0085 1
307 0 XIE19980813.0251 0
307 0 XIE19980818.0211 1
307 0 XIE19980819.0152 1
307 0 XIE19980819.0310 0
307 0 XIE19980820.0276 1
307 0 XIE19980821.0114 1
307 0 XIE19980824.0097 1
307 0 XIE19980824.0179 1
307 0 XIE19980828.0050 0
307 0 XIE19980903.0328 0
307 0 XIE19980915.0116 0
307 0 XIE19980918.0161 1
307 0 XIE19981006.0142 1
307 0 XIE19981007.0271 1
307 0 XIE19981013.0258 1
307 0 XIE19981020.0093 0
307 0 XIE19981026.0145 1
307 0 XIE19981026.0173 0
307 0 XIE19981028.0263 1
307 0 XIE19981029.0198 1
307 0 XIE19981105.0217 0
307 0 XIE19981110.0163 1
307 0 XIE19981111.0261 1
307 0 XIE19981112.0169 0
307 0 XIE19981114.0187 1
307 0 XIE19981121.0137 1
307 0 XIE19981201.0195 1
307 0 XIE19981201.0223 1
307 0 XIE19981213.0121 1
307 0 XIE19981223.0094 0
307 0 XIE19981224.0122 0
307 0 XIE19990101.0009 1
307 0 XIE19990105.0172 0
307 0 XIE19990106.0042 0
307 0 XIE19990109.0245 0
307 0 XIE19990112.0213 0
307 0 XIE19990210.0146 1
307 0 XIE19990210.0208 0
307 0 XIE19990218.0095 0
307 0 XIE19990227.0128 0
307 0 XIE19990227.0139 0
307 0 XIE19990307.0046 1
307 0 XIE19990310.0336 0
307 0 XIE19990316.0253 1
307 0 XIE19990324.0181 1
307 0 XIE19990326.0326 0
307 0 XIE19990328.0099 0
307 0 XIE19990429.0189 0
307 0 XIE19990501.0067 1
307 0 XIE19990504.0255 0
307 0 XIE19990507.0034 1
307 0 XIE19990508.0122 0
307 0 XIE19990512.0176 1
307 0 XIE19990517.0094 0
307 0 XIE19990530.0119 1
307 0 XIE19990610.0250 1
307 0 XIE19990611.0211 0
307 0 XIE19990617.0258 0
307 0 XIE19990617.0262 0
307 0 XIE19990624.0186 1
307 0 XIE19990715.0009 0
307 0 XIE19990720.0068 0
307 0 XIE19990723.0261 0
307 0 XIE19990801.0094 0
307 0 XIE19990806.0089 0
307 0 XIE19990818.0209 0
307 0 XIE19990831.0094 0
307 0 XIE19990831.0250 1
307 0 XIE19990905.0107 0
307 0 XIE19990905.0224 0
307 0 XIE19990908.0211 0
307 0 XIE19990909.0214 0
307 0 XIE19990914.0185 1
307 0 XIE19990915.0170 1
307 0 XIE19990916.0265 2
307 0 XIE19990917.0147 0
307 0 XIE19990920.0121 1
307 0 XIE19990923.0230 1
307 0 XIE19990928.0168 1
307 0 XIE19990928.0219 1
307 0 XIE19991001.0174 1
307 0 XIE19991017.0017 1
307 0 XIE19991020.0084 0
307 0 XIE19991021.0149 0
307 0 XIE19991021.0150 0
307 0 XIE19991025.0097 1
307 0 XIE19991026.0224 1
307 0 XIE19991108.0228 1
307 0 XIE19991109.0231 1
307 0 XIE19991111.0258 1
307 0 XIE19991204.0198 0
307 0 XIE19991205.0194 1
307 0 XIE19991209.0339 1
307 0 XIE19991214.0325 0
307 0 XIE19991221.0007 0
307 0 XIE19991228.0029 1
307 0 XIE19991231.0194 1
307 0 XIE20000102.0043 0
307 0 XIE20000103.0150 1
307 0 XIE20000109.0057 1
307 0 XIE20000111.0283 2
307 0 XIE20000113.0198 0
307 0 XIE20000126.0187 0
307 0 XIE20000128.0045 0
307 0 XIE20000202.0158 1
307 0 XIE20000215.0215 0
307 0 XIE20000216.0114 1
307 0 XIE20000218.0231 0
307 0 XIE20000219.0106 0
307 0 XIE20000227.0156 1
307 0 XIE20000303.0117 0
307 0 XIE20000304.0101 0
307 0 XIE20000309.0105 0
307 0 XIE20000311.0152 0
307 0 XIE20000312.0116 1
307 0 XIE20000317.0210 0
307 0 XIE20000320.0018 0
307 0 XIE20000322.0083 0
307 0 XIE20000325.0032 0
307 0 XIE20000328.0063 0
307 0 XIE20000329.0268 1
307 0 XIE20000331.0068 1
307 0 XIE20000404.0099 1
307 0 XIE20000404.0107 1
307 0 XIE20000406.0366 0
307 0 XIE20000409.0027 2
307 0 XIE20000413.0129 0
307 0 XIE20000418.0344 1
307 0 XIE20000509.0059 0
307 0 XIE20000509.0098 1
307 0 XIE20000518.0173 0
307 0 XIE20000518.0370 0
307 0 XIE20000519.0111 0
307 0 XIE20000523.0126 0
307 0 XIE20000523.0127 0
307 0 XIE20000524.0082 1
307 0 XIE20000524.0243 0
307 0 XIE20000525.0267 1
307 0 XIE20000525.0281 0
307 0 XIE20000529.0013 0
307 0 XIE20000602.0176 1
307 0 XIE20000606.0129 1
307 0 XIE20000607.0253 1
307 0 XIE20000608.0254 0
307 0 XIE20000621.0188 1
307 0 XIE20000627.0017 1
307 0 XIE20000703.0032 0
307 0 XIE20000704.0340 1
307 0 XIE20000705.0241 0
307 0 XIE20000707.0189 1
307 0 XIE20000709.0052 0
307 0 XIE20000709.0079 0
307 0 XIE20000728.0086 0
307 0 XIE20000801.0181 0
307 0 XIE20000811.0282 0
307 0 XIE20000813.0080 1
307 0 XIE20000817.0213 0
307 0 XIE20000817.0244 0
307 0 XIE20000821.0199 1
307 0 XIE20000821.0217 1
307 0 XIE20000824.0267 0
307 0 XIE20000827.0172 2
307 0 XIE20000827.0270 2
307 0 XIE20000904.0217 2
307 0 XIE20000919.0002 1
307 0 XIE20000920.0016 1
307 0 XIE20000925.0090 0
307 0 XIE20000925.0361 0
