344 0 APW19980604.0787 0
344 0 APW19980604.1066 0
344 0 APW19980604.1223 0
344 0 APW19980604.1449 0
344 0 APW19980604.1656 0
344 0 APW19980608.0875 0
344 0 APW19980608.1055 0
344 0 APW19980608.1360 0
344 0 APW19980609.1144 0
344 0 APW19980609.1673 0
344 0 APW19980610.1701 0
344 0 APW19980611.0782 0
344 0 APW19980611.1216 0
344 0 APW19980611.1694 0
344 0 APW19980612.1012 0
344 0 APW19980612.1693 0
344 0 APW19980615.0417 0
344 0 APW19980615.1164 2
344 0 APW19980616.0674 0
344 0 APW19980621.0054 0
344 0 APW19980621.0059 0
344 0 APW19980627.0860 0
344 0 APW19980703.1249 0
344 0 APW19980723.1116 0
344 0 APW19980802.0853 0
344 0 APW19980809.0110 0
344 0 APW19980810.0196 0
344 0 APW19980810.0222 0
344 0 APW19980811.0300 0
344 0 APW19980811.0397 0
344 0 APW19980814.0131 1
344 0 APW19980814.0273 1
344 0 APW19980817.0242 0
344 0 APW19980817.0252 0
344 0 APW19980826.0171 0
344 0 APW19980826.0714 0
344 0 APW19980906.0660 0
344 0 APW19980906.0668 0
344 0 APW19980914.0254 0
344 0 APW19980922.0778 0
344 0 APW19980929.0658 0
344 0 APW19981003.0199 0
344 0 APW19981003.0675 0
344 0 APW19981025.1182 0
344 0 APW19981026.0007 0
344 0 APW19981026.0096 0
344 0 APW19981028.0143 0
344 0 APW19981029.0218 0
344 0 APW19981030.0756 0
344 0 APW19981109.1089 0
344 0 APW19981109.1172 0
344 0 APW19981115.0202 0
344 0 APW19981120.1056 0
344 0 APW19981123.0885 0
344 0 APW19981123.0899 0
344 0 APW19981124.1345 0
344 0 APW19981201.1370 0
344 0 APW19981203.0008 0
344 0 APW19981212.0696 0
344 0 APW19981213.0227 0
344 0 APW19981213.0691 0
344 0 APW19981213.1014 0
344 0 APW19981214.0519 0
344 0 APW19981214.1386 0
344 0 APW19981215.1083 0
344 0 APW19981215.1370 0
344 0 APW19981216.1598 0
344 0 APW19981217.0354 0
344 0 APW19981217.1511 0
344 0 APW19981217.1542 0
344 0 APW19981217.1555 0
344 0 APW19981218.1384 0
344 0 APW19981219.0464 0
344 0 APW19981219.0693 0
344 0 APW19981219.0905 0
344 0 APW19981220.0926 0
344 0 APW19981221.1087 0
344 0 APW19981221.1194 0
344 0 APW19981222.1149 0
344 0 APW19981223.1209 0
344 0 APW19981224.0225 0
344 0 APW19981224.0785 0
344 0 APW19981225.0684 0
344 0 APW19981226.0642 0
344 0 APW19981227.0785 0
344 0 APW19981228.1112 0
344 0 APW19981229.0339 0
344 0 APW19981229.1198 0
344 0 APW19981230.1053 0
344 0 APW19981231.0886 0
344 0 APW19990112.0140 0
344 0 APW19990205.0065 0
344 0 APW19990205.0284 0
344 0 APW19990211.0153 0
344 0 APW19990216.0151 0
344 0 APW19990303.0287 1
344 0 APW19990328.0084 1
344 0 APW19990331.0165 1
344 0 APW19990402.0126 1
344 0 APW19990402.0218 0
344 0 APW19990411.0110 0
344 0 APW19990411.0121 0
344 0 APW19990419.0156 0
344 0 APW19990420.0057 0
344 0 APW19990420.0332 0
344 0 APW19990424.0138 0
344 0 APW19990428.0216 1
344 0 APW19990428.0318 1
344 0 APW19990505.0268 0
344 0 APW19990507.0186 1
344 0 APW19990510.0040 0
344 0 APW19990510.0182 0
344 0 APW19990514.0100 0
344 0 APW19990514.0127 0
344 0 APW19990518.0056 0
344 0 APW19990520.0087 1
344 0 APW19990520.0089 1
344 0 APW19990520.0110 1
344 0 APW19990528.0188 0
344 0 APW19990528.0213 1
344 0 APW19990603.0231 1
344 0 APW19990607.0210 0
344 0 APW19990608.0253 1
344 0 APW19990611.0212 1
344 0 APW19990614.0233 0
344 0 APW19990615.0216 0
344 0 APW19990615.0243 0
344 0 APW19990620.0050 0
344 0 APW19990623.0085 0
344 0 APW19990623.0100 0
344 0 APW19990624.0152 0
344 0 APW19990625.0008 0
344 0 APW19990626.0082 0
344 0 APW19990628.0259 0
344 0 APW19990709.0256 0
344 0 APW19990713.0220 0
344 0 APW19990715.0081 1
344 0 APW19990716.0137 0
344 0 APW19990716.0231 0
344 0 APW19990725.0087 0
344 0 APW19990725.0112 0
344 0 APW19990728.0224 0
344 0 APW19990728.0283 0
344 0 APW19990729.0085 0
344 0 APW19990804.0296 0
344 0 APW19990804.0341 0
344 0 APW19990809.0088 0
344 0 APW19990810.0194 0
344 0 APW19990812.0043 0
344 0 APW19990816.0182 0
344 0 APW19990818.0262 1
344 0 APW19990819.0164 0
344 0 APW19990820.0160 0
344 0 APW19990825.0054 0
344 0 APW19990827.0137 1
344 0 APW19990828.0058 0
344 0 APW19990829.0105 1
344 0 APW19990830.0066 0
344 0 APW19990830.0071 0
344 0 APW19990830.0139 0
344 0 APW19990831.0086 0
344 0 APW19990923.0324 0
344 0 APW19990930.0338 1
344 0 APW19991006.0167 0
344 0 APW19991007.0264 1
344 0 APW19991007.0272 1
344 0 APW19991008.0136 0
344 0 APW19991011.0054 0
344 0 APW19991011.0226 1
344 0 APW19991012.0141 1
344 0 APW19991012.0220 1
344 0 APW19991013.0113 0
344 0 APW19991021.0002 0
344 0 APW19991021.0058 0
344 0 APW19991022.0299 0
344 0 APW19991025.0026 0
344 0 APW19991027.0043 0
344 0 APW19991029.0218 0
344 0 APW20000104.0137 0
344 0 APW20000105.0058 0
344 0 APW20000120.0184 0
344 0 APW20000204.0080 0
344 0 APW20000208.0052 0
344 0 APW20000208.0097 0
344 0 APW20000208.0105 0
344 0 APW20000223.0081 0
344 0 APW20000303.0239 0
344 0 APW20000306.0180 0
344 0 APW20000308.0001 0
344 0 APW20000309.0005 0
344 0 APW20000317.0198 0
344 0 APW20000324.0046 0
344 0 APW20000324.0064 0
344 0 APW20000416.0046 0
344 0 APW20000417.0084 0
344 0 APW20000422.0018 0
344 0 APW20000424.0099 0
344 0 APW20000424.0150 0
344 0 APW20000427.0089 0
344 0 APW20000428.0024 0
344 0 APW20000501.0043 1
344 0 APW20000504.0125 0
344 0 APW20000505.0069 0
344 0 APW20000505.0193 0
344 0 APW20000505.0241 0
344 0 APW20000505.0268 0
344 0 APW20000510.0183 0
344 0 APW20000525.0025 0
344 0 APW20000526.0092 0
344 0 APW20000526.0167 0
344 0 APW20000610.0033 0
344 0 APW20000613.0014 0
344 0 APW20000720.0135 1
344 0 APW20000801.0148 1
344 0 APW20000808.0092 1
344 0 APW20000816.0018 0
344 0 APW20000823.0054 0
344 0 APW20000824.0170 0
344 0 APW20000828.0047 0
344 0 APW20000831.0057 0
344 0 APW20000902.0007 0
344 0 APW20000908.0103 1
344 0 APW20000909.0088 0
344 0 APW20000912.0110 0
344 0 APW20000915.0074 2
344 0 APW20000926.0203 0
344 0 APW20000927.0068 0
344 0 NYT19980603.0455 0
344 0 NYT19980603.0474 0
344 0 NYT19980603.0478 0
344 0 NYT19980603.0496 0
344 0 NYT19980606.0232 0
344 0 NYT19980609.0060 0
344 0 NYT19980609.0463 0
344 0 NYT19980610.0070 0
344 0 NYT19980611.0037 0
344 0 NYT19980612.0124 0
344 0 NYT19980612.0296 0
344 0 NYT19980613.0021 0
344 0 NYT19980613.0027 0
344 0 NYT19980617.0167 0
344 0 NYT19980617.0241 1
344 0 NYT19980617.0244 1
344 0 NYT19980619.0006 0
344 0 NYT19980622.0275 0
344 0 NYT19980623.0477 0
344 0 NYT19980623.0515 0
344 0 NYT19980624.0124 0
344 0 NYT19980624.0203 0
344 0 NYT19980625.0350 0
344 0 NYT19980625.0499 0
344 0 NYT19980626.0425 0
344 0 NYT19980629.0462 1
344 0 NYT19980630.0404 0
344 0 NYT19980630.0405 0
344 0 NYT19980630.0407 0
344 0 NYT19980701.0222 0
344 0 NYT19980702.0100 0
344 0 NYT19980703.0307 0
344 0 NYT19980704.0024 0
344 0 NYT19980705.0039 0
344 0 NYT19980707.0312 0
344 0 NYT19980708.0096 0
344 0 NYT19980710.0111 0
344 0 NYT19980713.0484 0
344 0 NYT19980714.0199 0
344 0 NYT19980714.0200 0
344 0 NYT19980714.0202 0
344 0 NYT19980714.0203 0
344 0 NYT19980714.0386 0
344 0 NYT19980715.0089 0
344 0 NYT19980715.0111 1
344 0 NYT19980715.0112 0
344 0 NYT19980715.0113 0
344 0 NYT19980716.0360 1
344 0 NYT19980719.0027 1
344 0 NYT19980720.0040 0
344 0 NYT19980721.0131 0
344 0 NYT19980722.0012 0
344 0 NYT19980722.0119 1
344 0 NYT19980727.0046 0
344 0 NYT19980727.0052 1
344 0 NYT19980727.0076 0
344 0 NYT19980727.0347 0
344 0 NYT19980729.0201 0
344 0 NYT19980730.0128 0
344 0 NYT19980803.0106 0
344 0 NYT19980803.0114 0
344 0 NYT19980805.0054 0
344 0 NYT19980805.0062 0
344 0 NYT19980805.0084 0
344 0 NYT19980806.0038 0
344 0 NYT19980806.0039 0
344 0 NYT19980806.0117 0
344 0 NYT19980806.0165 0
344 0 NYT19980806.0166 0
344 0 NYT19980806.0351 0
344 0 NYT19980806.0404 0
344 0 NYT19980806.0422 0
344 0 NYT19980807.0388 0
344 0 NYT19980810.0039 0
344 0 NYT19980810.0436 0
344 0 NYT19980812.0105 0
344 0 NYT19980812.0217 0
344 0 NYT19980812.0471 0
344 0 NYT19980812.0472 0
344 0 NYT19980812.0474 0
344 0 NYT19980815.0012 0
344 0 NYT19980815.0054 0
344 0 NYT19980815.0073 0
344 0 NYT19980816.0028 0
344 0 NYT19980817.0472 0
344 0 NYT19980818.0351 0
344 0 NYT19980819.0083 0
344 0 NYT19980819.0215 0
344 0 NYT19980819.0230 2
344 0 NYT19980820.0337 1
344 0 NYT19980821.0517 2
344 0 NYT19980824.0344 0
344 0 NYT19980826.0442 0
344 0 NYT19980826.0445 0
344 0 NYT19980827.0028 0
344 0 NYT19980828.0377 1
344 0 NYT19980828.0452 0
344 0 NYT19980829.0177 0
344 0 NYT19980830.0109 0
344 0 NYT19980901.0251 0
344 0 NYT19980904.0230 0
344 0 NYT19980907.0119 0
344 0 NYT19980907.0144 0
344 0 NYT19980909.0434 0
344 0 NYT19980910.0075 0
344 0 NYT19980911.0304 0
344 0 NYT19980916.0096 0
344 0 NYT19980921.0237 0
344 0 NYT19980922.0227 0
344 0 NYT19980923.0375 0
344 0 NYT19980926.0084 0
344 0 NYT19980928.0500 0
344 0 NYT19980930.0197 0
344 0 NYT19980930.0274 0
344 0 NYT19981002.0019 0
344 0 NYT19981003.0112 0
344 0 NYT19981005.0160 0
344 0 NYT19981005.0474 0
344 0 NYT19981006.0238 0
344 0 NYT19981006.0239 0
344 0 NYT19981006.0240 0
344 0 NYT19981006.0241 0
344 0 NYT19981007.0114 0
344 0 NYT19981008.0374 0
344 0 NYT19981009.0106 0
344 0 NYT19981009.0180 0
344 0 NYT19981009.0186 0
344 0 NYT19981011.0129 0
344 0 NYT19981013.0442 0
344 0 NYT19981019.0156 0
344 0 NYT19981019.0390 0
344 0 NYT19981019.0391 0
344 0 NYT19981019.0392 0
344 0 NYT19981019.0393 0
344 0 NYT19981020.0065 0
344 0 NYT19981021.0109 0
344 0 NYT19981021.0113 0
344 0 NYT19981021.0189 0
344 0 NYT19981021.0190 0
344 0 NYT19981023.0059 0
344 0 NYT19981023.0063 0
344 0 NYT19981023.0168 2
344 0 NYT19981024.0075 0
344 0 NYT19981024.0076 0
344 0 NYT19981026.0038 0
344 0 NYT19981026.0356 0
344 0 NYT19981028.0346 0
344 0 NYT19981028.0347 0
344 0 NYT19981030.0063 0
344 0 NYT19981030.0067 0
344 0 NYT19981031.0039 0
344 0 NYT19981031.0051 0
344 0 NYT19981104.0132 0
344 0 NYT19981104.0289 0
344 0 NYT19981104.0290 0
344 0 NYT19981104.0422 0
344 0 NYT19981104.0427 0
344 0 NYT19981105.0030 0
344 0 NYT19981106.0122 0
344 0 NYT19981106.0126 0
344 0 NYT19981110.0190 0
344 0 NYT19981110.0191 0
344 0 NYT19981110.0193 0
344 0 NYT19981110.0203 1
344 0 NYT19981110.0293 1
344 0 NYT19981110.0397 1
344 0 NYT19981110.0413 0
344 0 NYT19981110.0414 0
344 0 NYT19981110.0415 0
344 0 NYT19981111.0091 1
344 0 NYT19981116.0016 1
344 0 NYT19981118.0080 1
344 0 NYT19981118.0444 0
344 0 NYT19981119.0080 0
344 0 NYT19981124.0266 0
344 0 NYT19981201.0118 0
344 0 NYT19981201.0407 0
344 0 NYT19981202.0496 0
344 0 NYT19981204.0223 0
344 0 NYT19981207.0416 0
344 0 NYT19981208.0105 0
344 0 NYT19981209.0085 0
344 0 NYT19981210.0150 0
344 0 NYT19981212.0178 0
344 0 NYT19981213.0072 1
344 0 NYT19981216.0101 0
344 0 NYT19981216.0114 1
344 0 NYT19981217.0246 1
344 0 NYT19981218.0063 0
344 0 NYT19981218.0447 0
344 0 NYT19981219.0218 0
344 0 NYT19981219.0252 0
344 0 NYT19981224.0001 0
344 0 NYT19981224.0094 0
344 0 NYT19981225.0055 0
344 0 NYT19981227.0144 1
344 0 NYT19981227.0145 1
344 0 NYT19981229.0202 0
344 0 NYT19981230.0125 0
344 0 NYT19981230.0141 0
344 0 NYT19981230.0221 0
344 0 NYT19990102.0069 0
344 0 NYT19990103.0172 0
344 0 NYT19990104.0110 0
344 0 NYT19990104.0118 0
344 0 NYT19990105.0343 1
344 0 NYT19990105.0361 0
344 0 NYT19990107.0486 0
344 0 NYT19990111.0054 0
344 0 NYT19990111.0063 0
344 0 NYT19990112.0371 0
344 0 NYT19990112.0463 0
344 0 NYT19990113.0001 0
344 0 NYT19990113.0219 0
344 0 NYT19990113.0314 0
344 0 NYT19990114.0361 0
344 0 NYT19990115.0054 0
344 0 NYT19990115.0264 0
344 0 NYT19990115.0378 0
344 0 NYT19990118.0381 0
344 0 NYT19990119.0036 0
344 0 NYT19990119.0053 0
344 0 NYT19990120.0069 0
344 0 NYT19990120.0345 1
344 0 NYT19990120.0426 0
344 0 NYT19990123.0173 0
344 0 NYT19990127.0071 0
344 0 NYT19990127.0126 0
344 0 NYT19990127.0161 0
344 0 NYT19990127.0246 0
344 0 NYT19990128.0117 0
344 0 NYT19990202.0198 0
344 0 NYT19990202.0229 0
344 0 NYT19990202.0378 0
344 0 NYT19990203.0067 0
344 0 NYT19990204.0512 0
344 0 NYT19990204.0514 0
344 0 NYT19990208.0074 0
344 0 NYT19990210.0188 0
344 0 NYT19990210.0221 0
344 0 NYT19990210.0406 0
344 0 NYT19990212.0391 0
344 0 NYT19990216.0453 0
344 0 NYT19990217.0103 0
344 0 NYT19990217.0165 0
344 0 NYT19990217.0277 0
344 0 NYT19990217.0320 0
344 0 NYT19990217.0428 0
344 0 NYT19990219.0334 0
344 0 NYT19990219.0401 0
344 0 NYT19990219.0418 0
344 0 NYT19990224.0232 0
344 0 NYT19990225.0163 0
344 0 NYT19990225.0272 0
344 0 NYT19990227.0091 0
344 0 NYT19990227.0257 0
344 0 NYT19990301.0028 0
344 0 NYT19990303.0072 0
344 0 NYT19990303.0286 0
344 0 NYT19990303.0491 0
344 0 NYT19990303.0555 0
344 0 NYT19990305.0368 0
344 0 NYT19990307.0040 0
344 0 NYT19990307.0065 0
344 0 NYT19990308.0368 0
344 0 NYT19990308.0391 0
344 0 NYT19990308.0399 0
344 0 NYT19990315.0132 0
344 0 NYT19990315.0138 0
344 0 NYT19990317.0148 0
344 0 NYT19990317.0444 0
344 0 NYT19990326.0115 0
344 0 NYT19990326.0219 0
344 0 NYT19990327.0279 0
344 0 NYT19990328.0151 0
344 0 NYT19990329.0290 0
344 0 NYT19990330.0045 0
344 0 NYT19990330.0046 0
344 0 NYT19990331.0217 0
344 0 NYT19990401.0182 0
344 0 NYT19990402.0118 0
344 0 NYT19990405.0231 1
344 0 NYT19990405.0258 0
344 0 NYT19990406.0065 0
344 0 NYT19990406.0135 1
344 0 NYT19990406.0137 1
344 0 NYT19990407.0066 1
344 0 NYT19990407.0080 0
344 0 NYT19990407.0267 0
344 0 NYT19990407.0399 1
344 0 NYT19990413.0082 0
344 0 NYT19990413.0406 0
344 0 NYT19990414.0070 0
344 0 NYT19990414.0217 0
344 0 NYT19990414.0221 0
344 0 NYT19990414.0283 0
344 0 NYT19990414.0458 0
344 0 NYT19990415.0141 0
344 0 NYT19990415.0201 0
344 0 NYT19990415.0202 0
344 0 NYT19990418.0098 0
344 0 NYT19990419.0384 0
344 0 NYT19990420.0362 1
344 0 NYT19990421.0101 1
344 0 NYT19990422.0525 0
344 0 NYT19990423.0015 0
344 0 NYT19990423.0365 0
344 0 NYT19990426.0295 0
344 0 NYT19990428.0192 0
344 0 NYT19990428.0385 0
344 0 NYT19990429.0048 0
344 0 NYT19990429.0435 0
344 0 NYT19990503.0364 0
344 0 NYT19990505.0073 0
344 0 NYT19990505.0192 0
344 0 NYT19990505.0216 0
344 0 NYT19990507.0136 0
344 0 NYT19990507.0290 0
344 0 NYT19990509.0123 1
344 0 NYT19990509.0127 1
344 0 NYT19990511.0072 0
344 0 NYT19990511.0417 0
344 0 NYT19990514.0206 0
344 0 NYT19990514.0292 0
344 0 NYT19990514.0301 0
344 0 NYT19990514.0308 0
344 0 NYT19990514.0317 0
344 0 NYT19990514.0393 0
344 0 NYT19990515.0044 0
344 0 NYT19990515.0094 0
344 0 NYT19990515.0210 0
344 0 NYT19990517.0220 1
344 0 NYT19990518.0111 0
344 0 NYT19990518.0476 1
344 0 NYT19990519.0212 0
344 0 NYT19990519.0460 1
344 0 NYT19990520.0019 1
344 0 NYT19990520.0384 1
344 0 NYT19990520.0545 1
344 0 NYT19990521.0327 0
344 0 NYT19990525.0425 1
344 0 NYT19990526.0409 0
344 0 NYT19990527.0149 0
344 0 NYT19990527.0396 1
344 0 NYT19990527.0423 1
344 0 NYT19990530.0040 1
344 0 NYT19990530.0101 1
344 0 NYT19990531.0121 2
344 0 NYT19990531.0168 0
344 0 NYT19990601.0408 0
344 0 NYT19990602.0159 0
344 0 NYT19990602.0281 2
344 0 NYT19990603.0466 0
344 0 NYT19990606.0123 1
344 0 NYT19990606.0158 0
344 0 NYT19990606.0165 0
344 0 NYT19990607.0446 1
344 0 NYT19990608.0205 0
344 0 NYT19990608.0263 0
344 0 NYT19990609.0109 0
344 0 NYT19990610.0001 0
344 0 NYT19990610.0135 0
344 0 NYT19990610.0404 1
344 0 NYT19990610.0494 1
344 0 NYT19990614.0043 0
344 0 NYT19990614.0179 0
344 0 NYT19990614.0208 0
344 0 NYT19990615.0073 1
344 0 NYT19990615.0088 1
344 0 NYT19990615.0232 0
344 0 NYT19990615.0348 1
344 0 NYT19990619.0044 0
344 0 NYT19990621.0298 0
344 0 NYT19990623.0261 0
344 0 NYT19990624.0121 1
344 0 NYT19990630.0018 1
344 0 NYT19990630.0019 1
344 0 NYT19990702.0159 0
344 0 NYT19990703.0040 0
344 0 NYT19990705.0160 0
344 0 NYT19990707.0096 0
344 0 NYT19990708.0403 0
344 0 NYT19990709.0323 0
344 0 NYT19990714.0322 0
344 0 NYT19990714.0417 1
344 0 NYT19990715.0392 1
344 0 NYT19990715.0420 0
344 0 NYT19990715.0541 1
344 0 NYT19990715.0544 1
344 0 NYT19990716.0297 0
344 0 NYT19990721.0296 0
344 0 NYT19990721.0298 0
344 0 NYT19990721.0345 0
344 0 NYT19990721.0445 0
344 0 NYT19990721.0446 0
344 0 NYT19990721.0447 0
344 0 NYT19990723.0065 0
344 0 NYT19990727.0234 0
344 0 NYT19990728.0075 0
344 0 NYT19990728.0583 0
344 0 NYT19990801.0090 0
344 0 NYT19990802.0407 0
344 0 NYT19990803.0046 0
344 0 NYT19990803.0094 0
344 0 NYT19990804.0051 0
344 0 NYT19990804.0090 0
344 0 NYT19990804.0096 0
344 0 NYT19990804.0223 0
344 0 NYT19990804.0237 0
344 0 NYT19990805.0098 0
344 0 NYT19990805.0357 0
344 0 NYT19990806.0376 0
344 0 NYT19990806.0424 0
344 0 NYT19990807.0035 0
344 0 NYT19990808.0072 0
344 0 NYT19990809.0271 0
344 0 NYT19990811.0121 0
344 0 NYT19990811.0203 0
344 0 NYT19990813.0123 0
344 0 NYT19990813.0162 0
344 0 NYT19990814.0077 0
344 0 NYT19990814.0091 0
344 0 NYT19990814.0144 0
344 0 NYT19990817.0176 0
344 0 NYT19990817.0376 1
344 0 NYT19990818.0148 0
344 0 NYT19990819.0143 0
344 0 NYT19990820.0309 0
344 0 NYT19990822.0088 1
344 0 NYT19990824.0050 0
344 0 NYT19990824.0069 0
344 0 NYT19990825.0105 0
344 0 NYT19990825.0145 1
344 0 NYT19990825.0226 0
344 0 NYT19990825.0360 0
344 0 NYT19990826.0090 0
344 0 NYT19990826.0091 0
344 0 NYT19990827.0083 0
344 0 NYT19990827.0084 0
344 0 NYT19990827.0151 0
344 0 NYT19990828.0083 0
344 0 NYT19990828.0183 0
344 0 NYT19990830.0225 0
344 0 NYT19990830.0376 1
344 0 NYT19990830.0480 1
344 0 NYT19990902.0299 0
344 0 NYT19990904.0043 0
344 0 NYT19990906.0121 0
344 0 NYT19990909.0009 0
344 0 NYT19990909.0176 0
344 0 NYT19990910.0247 0
344 0 NYT19990912.0235 0
344 0 NYT19990912.0238 0
344 0 NYT19990914.0009 0
344 0 NYT19990915.0128 0
344 0 NYT19990920.0169 1
344 0 NYT19990921.0090 0
344 0 NYT19990922.0192 1
344 0 NYT19990922.0211 1
344 0 NYT19990922.0267 1
344 0 NYT19990927.0156 0
344 0 NYT19990927.0297 1
344 0 NYT19990929.0055 0
344 0 NYT19990929.0238 0
344 0 NYT19991003.0073 0
344 0 NYT19991003.0219 0
344 0 NYT19991003.1079 0
344 0 NYT19991007.0369 0
344 0 NYT19991013.0002 0
344 0 NYT19991014.0145 0
344 0 NYT19991021.0396 0
344 0 NYT19991022.0123 0
344 0 NYT19991023.0014 0
344 0 NYT19991024.0056 0
344 0 NYT19991027.0090 0
344 0 NYT19991027.0301 0
344 0 NYT19991027.0316 0
344 0 NYT19991028.0274 0
344 0 NYT19991028.0445 0
344 0 NYT19991029.0275 0
344 0 NYT19991101.0470 0
344 0 NYT19991104.0418 0
344 0 NYT19991104.0447 0
344 0 NYT19991105.0053 0
344 0 NYT19991105.0323 0
344 0 NYT19991110.0020 0
344 0 NYT19991110.0237 0
344 0 NYT19991117.0441 0
344 0 NYT19991119.0013 0
344 0 NYT19991122.0103 0
344 0 NYT19991122.0106 0
344 0 NYT19991122.0129 0
344 0 NYT19991122.0130 0
344 0 NYT19991122.0383 0
344 0 NYT19991122.0462 0
344 0 NYT19991123.0272 0
344 0 NYT19991123.0393 0
344 0 NYT19991124.0117 0
344 0 NYT19991124.0192 0
344 0 NYT19991126.0037 0
344 0 NYT19991127.0066 0
344 0 NYT19991127.0067 0
344 0 NYT19991127.0074 0
344 0 NYT19991130.0311 1
344 0 NYT19991130.0368 0
344 0 NYT19991201.0020 0
344 0 NYT19991207.0313 0
344 0 NYT19991209.0053 0
344 0 NYT19991209.0060 0
344 0 NYT19991209.0107 0
344 0 NYT19991209.0325 0
344 0 NYT19991209.0326 0
344 0 NYT19991209.0327 0
344 0 NYT19991215.0197 1
344 0 NYT19991215.0410 0
344 0 NYT19991217.0363 0
344 0 NYT19991220.0213 0
344 0 NYT19991220.0214 0
344 0 NYT19991220.0215 0
344 0 NYT19991220.0216 0
344 0 NYT19991221.0028 0
344 0 NYT19991222.0326 0
344 0 NYT19991223.0313 0
344 0 NYT19991225.0104 0
344 0 NYT19991229.0067 1
344 0 NYT19991229.0296 0
344 0 NYT19991230.0117 0
344 0 NYT20000103.0165 0
344 0 NYT20000106.0031 0
344 0 NYT20000112.0296 0
344 0 NYT20000112.0325 0
344 0 NYT20000113.0235 0
344 0 NYT20000119.0452 0
344 0 NYT20000119.0453 0
344 0 NYT20000121.0302 0
344 0 NYT20000122.0012 0
344 0 NYT20000122.0132 0
344 0 NYT20000124.0071 0
344 0 NYT20000124.0085 0
344 0 NYT20000126.0140 0
344 0 NYT20000126.0167 0
344 0 NYT20000126.0272 0
344 0 NYT20000126.0280 0
344 0 NYT20000130.0040 0
344 0 NYT20000201.0107 0
344 0 NYT20000201.0405 0
344 0 NYT20000202.0254 0
344 0 NYT20000202.0360 0
344 0 NYT20000203.0041 0
344 0 NYT20000204.0218 0
344 0 NYT20000204.0220 0
344 0 NYT20000204.0223 0
344 0 NYT20000204.0248 0
344 0 NYT20000206.0139 0
344 0 NYT20000206.0177 0
344 0 NYT20000206.0178 0
344 0 NYT20000206.0179 0
344 0 NYT20000208.0036 0
344 0 NYT20000209.0171 0
344 0 NYT20000209.0405 0
344 0 NYT20000210.0022 0
344 0 NYT20000211.0362 0
344 0 NYT20000213.0010 0
344 0 NYT20000215.0205 0
344 0 NYT20000217.0142 0
344 0 NYT20000217.0389 0
344 0 NYT20000218.0306 2
344 0 NYT20000218.0321 0
344 0 NYT20000221.0264 2
344 0 NYT20000221.0442 0
344 0 NYT20000222.0390 0
344 0 NYT20000223.0485 0
344 0 NYT20000228.0358 0
344 0 NYT20000229.0309 0
344 0 NYT20000301.0296 0
344 0 NYT20000303.0197 0
344 0 NYT20000303.0198 0
344 0 NYT20000303.0201 0
344 0 NYT20000304.0082 0
344 0 NYT20000304.0083 0
344 0 NYT20000306.0056 0
344 0 NYT20000306.0060 0
344 0 NYT20000306.0066 0
344 0 NYT20000307.0025 0
344 0 NYT20000307.0066 0
344 0 NYT20000307.0082 0
344 0 NYT20000309.0090 0
344 0 NYT20000309.0253 0
344 0 NYT20000313.0091 0
344 0 NYT20000313.0093 0
344 0 NYT20000313.0100 0
344 0 NYT20000313.0102 1
344 0 NYT20000313.0124 0
344 0 NYT20000313.0424 0
344 0 NYT20000314.0075 0
344 0 NYT20000315.0102 1
344 0 NYT20000315.0103 0
344 0 NYT20000315.0316 0
344 0 NYT20000315.0327 0
344 0 NYT20000315.0345 0
344 0 NYT20000316.0111 0
344 0 NYT20000316.0114 0
344 0 NYT20000316.0117 0
344 0 NYT20000316.0207 0
344 0 NYT20000317.0091 0
344 0 NYT20000317.0100 0
344 0 NYT20000323.0272 0
344 0 NYT20000323.0287 0
344 0 NYT20000323.0330 0
344 0 NYT20000323.0375 0
344 0 NYT20000323.0439 0
344 0 NYT20000325.0054 0
344 0 NYT20000325.0055 0
344 0 NYT20000327.0120 0
344 0 NYT20000327.0121 0
344 0 NYT20000328.0044 0
344 0 NYT20000329.0146 0
344 0 NYT20000329.0266 0
344 0 NYT20000330.0327 0
344 0 NYT20000330.0331 0
344 0 NYT20000330.0375 0
344 0 NYT20000401.0105 0
344 0 NYT20000401.0109 0
344 0 NYT20000403.0206 0
344 0 NYT20000403.0210 0
344 0 NYT20000404.0227 0
344 0 NYT20000404.0228 0
344 0 NYT20000404.0229 0
344 0 NYT20000404.0233 1
344 0 NYT20000404.0331 1
344 0 NYT20000404.0366 0
344 0 NYT20000404.0368 0
344 0 NYT20000404.0370 0
344 0 NYT20000404.0371 0
344 0 NYT20000406.0043 0
344 0 NYT20000406.0062 0
344 0 NYT20000406.0544 0
344 0 NYT20000410.0040 0
344 0 NYT20000410.0048 0
344 0 NYT20000410.0347 0
344 0 NYT20000410.0356 0
344 0 NYT20000410.0432 0
344 0 NYT20000410.0435 0
344 0 NYT20000411.0144 0
344 0 NYT20000411.0147 0
344 0 NYT20000411.0151 0
344 0 NYT20000412.0109 0
344 0 NYT20000412.0115 0
344 0 NYT20000412.0119 0
344 0 NYT20000412.0128 0
344 0 NYT20000412.0130 0
344 0 NYT20000412.0171 0
344 0 NYT20000414.0164 0
344 0 NYT20000414.0165 0
344 0 NYT20000414.0329 0
344 0 NYT20000416.0098 1
344 0 NYT20000421.0254 0
344 0 NYT20000421.0331 0
344 0 NYT20000424.0063 0
344 0 NYT20000424.0067 0
344 0 NYT20000424.0070 0
344 0 NYT20000424.0074 0
344 0 NYT20000426.0173 0
344 0 NYT20000426.0338 0
344 0 NYT20000427.0162 0
344 0 NYT20000427.0165 0
344 0 NYT20000505.0096 0
344 0 NYT20000505.0209 0
344 0 NYT20000505.0218 0
344 0 NYT20000505.0323 0
344 0 NYT20000507.0062 0
344 0 NYT20000508.0401 0
344 0 NYT20000513.0013 0
344 0 NYT20000515.0309 0
344 0 NYT20000517.0153 0
344 0 NYT20000517.0234 0
344 0 NYT20000517.0479 0
344 0 NYT20000519.0075 1
344 0 NYT20000519.0197 1
344 0 NYT20000520.0107 0
344 0 NYT20000520.0115 0
344 0 NYT20000524.0291 0
344 0 NYT20000525.0135 0
344 0 NYT20000525.0136 0
344 0 NYT20000526.0087 0
344 0 NYT20000530.0096 0
344 0 NYT20000531.0201 0
344 0 NYT20000601.0125 1
344 0 NYT20000605.0090 0
344 0 NYT20000605.0108 0
344 0 NYT20000605.0150 0
344 0 NYT20000605.0152 0
344 0 NYT20000605.0181 0
344 0 NYT20000607.0045 0
344 0 NYT20000608.0107 0
344 0 NYT20000608.0276 0
344 0 NYT20000608.0360 0
344 0 NYT20000611.0024 0
344 0 NYT20000611.0048 0
344 0 NYT20000611.0093 0
344 0 NYT20000612.0010 0
344 0 NYT20000612.0014 0
344 0 NYT20000612.0015 0
344 0 NYT20000612.0019 0
344 0 NYT20000616.0004 0
344 0 NYT20000616.0109 0
344 0 NYT20000616.0355 2
344 0 NYT20000618.0142 1
344 0 NYT20000620.0078 0
344 0 NYT20000620.0094 0
344 0 NYT20000621.0171 0
344 0 NYT20000621.0191 0
344 0 NYT20000622.0083 0
344 0 NYT20000623.0193 0
344 0 NYT20000623.0216 0
344 0 NYT20000627.0192 0
344 0 NYT20000627.0202 0
344 0 NYT20000630.0198 0
344 0 NYT20000707.0296 0
344 0 NYT20000710.0459 0
344 0 NYT20000710.0460 0
344 0 NYT20000710.0461 0
344 0 NYT20000710.0462 0
344 0 NYT20000711.0162 0
344 0 NYT20000711.0334 0
344 0 NYT20000711.0404 0
344 0 NYT20000711.0405 0
344 0 NYT20000711.0406 0
344 0 NYT20000712.0134 0
344 0 NYT20000712.0278 0
344 0 NYT20000712.0431 0
344 0 NYT20000712.0432 0
344 0 NYT20000712.0433 0
344 0 NYT20000712.0434 0
344 0 NYT20000712.0435 0
344 0 NYT20000712.0462 0
344 0 NYT20000713.0213 0
344 0 NYT20000713.0214 0
344 0 NYT20000713.0295 0
344 0 NYT20000715.0113 0
344 0 NYT20000715.0134 0
344 0 NYT20000715.0135 0
344 0 NYT20000715.0136 0
344 0 NYT20000716.0200 0
344 0 NYT20000716.0201 0
344 0 NYT20000716.0202 0
344 0 NYT20000717.0447 0
344 0 NYT20000717.0448 0
344 0 NYT20000717.0450 0
344 0 NYT20000717.0470 0
344 0 NYT20000718.0255 0
344 0 NYT20000718.0294 0
344 0 NYT20000718.0386 0
344 0 NYT20000719.0011 0
344 0 NYT20000721.0097 0
344 0 NYT20000722.0057 0
344 0 NYT20000722.0058 0
344 0 NYT20000722.0165 0
344 0 NYT20000722.0166 0
344 0 NYT20000722.0167 0
344 0 NYT20000723.0186 0
344 0 NYT20000723.0187 0
344 0 NYT20000723.0188 0
344 0 NYT20000724.0054 0
344 0 NYT20000724.0069 0
344 0 NYT20000724.0092 0
344 0 NYT20000724.0326 0
344 0 NYT20000724.0327 0
344 0 NYT20000724.0452 0
344 0 NYT20000724.0488 0
344 0 NYT20000724.0489 0
344 0 NYT20000725.0113 0
344 0 NYT20000726.0274 0
344 0 NYT20000726.0319 0
344 0 NYT20000726.0427 0
344 0 NYT20000726.0429 0
344 0 NYT20000726.0448 0
344 0 NYT20000727.0066 0
344 0 NYT20000727.0067 0
344 0 NYT20000729.0204 0
344 0 NYT20000729.0205 0
344 0 NYT20000729.0206 0
344 0 NYT20000729.0207 0
344 0 NYT20000729.0208 0
344 0 NYT20000731.0065 0
344 0 NYT20000731.0077 0
344 0 NYT20000731.0315 0
344 0 NYT20000801.0107 0
344 0 NYT20000802.0431 1
344 0 NYT20000803.0082 0
344 0 NYT20000803.0107 0
344 0 NYT20000806.0036 0
344 0 NYT20000809.0373 0
344 0 NYT20000810.0040 0
344 0 NYT20000810.0057 0
344 0 NYT20000811.0190 0
344 0 NYT20000814.0519 0
344 0 NYT20000814.0523 0
344 0 NYT20000817.0064 0
344 0 NYT20000820.0038 0
344 0 NYT20000821.0004 0
344 0 NYT20000821.0404 0
344 0 NYT20000823.0096 0
344 0 NYT20000823.0110 0
344 0 NYT20000823.0182 0
344 0 NYT20000823.0193 0
344 0 NYT20000824.0030 2
344 0 NYT20000824.0121 0
344 0 NYT20000826.0084 0
344 0 NYT20000828.0375 0
344 0 NYT20000831.0058 0
344 0 NYT20000831.0173 0
344 0 NYT20000901.0225 0
344 0 NYT20000901.0347 0
344 0 NYT20000902.0067 0
344 0 NYT20000906.0167 0
344 0 NYT20000907.0087 0
344 0 NYT20000907.0146 0
344 0 NYT20000907.0180 0
344 0 NYT20000908.0054 0
344 0 NYT20000908.0055 0
344 0 NYT20000908.0059 0
344 0 NYT20000908.0440 0
344 0 NYT20000909.0182 0
344 0 NYT20000912.0256 0
344 0 NYT20000913.0435 0
344 0 NYT20000920.0259 0
344 0 NYT20000921.0017 0
344 0 NYT20000923.0026 0
344 0 NYT20000925.0358 0
344 0 NYT20000926.0427 0
344 0 XIE19960125.0021 0
344 0 XIE19960125.0224 0
344 0 XIE19960212.0209 0
344 0 XIE19960301.0279 0
344 0 XIE19960303.0130 0
344 0 XIE19960304.0010 0
344 0 XIE19960304.0143 0
344 0 XIE19960314.0101 0
344 0 XIE19960315.0124 0
344 0 XIE19960324.0086 0
344 0 XIE19960326.0108 0
344 0 XIE19960403.0301 0
344 0 XIE19960421.0149 0
344 0 XIE19960425.0274 0
344 0 XIE19960503.0256 0
344 0 XIE19960507.0175 0
344 0 XIE19960510.0163 0
344 0 XIE19960519.0006 0
344 0 XIE19960616.0125 0
344 0 XIE19960618.0103 0
344 0 XIE19960625.0244 0
344 0 XIE19960626.0082 0
344 0 XIE19960626.0109 0
344 0 XIE19960703.0057 0
344 0 XIE19960703.0090 0
344 0 XIE19960709.0167 0
344 0 XIE19960711.0062 0
344 0 XIE19960711.0232 0
344 0 XIE19960720.0123 0
344 0 XIE19960722.0083 0
344 0 XIE19960730.0124 0
344 0 XIE19960811.0016 0
344 0 XIE19960817.0142 0
344 0 XIE19960821.0071 0
344 0 XIE19960913.0068 0
344 0 XIE19960915.0004 0
344 0 XIE19960917.0214 0
344 0 XIE19960919.0216 0
344 0 XIE19960926.0236 0
344 0 XIE19961005.0004 0
344 0 XIE19961011.0009 0
344 0 XIE19961015.0241 0
344 0 XIE19961016.0140 0
344 0 XIE19961122.0071 0
344 0 XIE19961217.0069 0
344 0 XIE19970104.0075 0
344 0 XIE19970109.0200 0
344 0 XIE19970113.0090 0
344 0 XIE19970114.0292 0
344 0 XIE19970127.0105 0
344 0 XIE19970202.0183 0
344 0 XIE19970218.0098 0
344 0 XIE19970219.0050 0
344 0 XIE19970219.0153 0
344 0 XIE19970224.0225 0
344 0 XIE19970303.0017 0
344 0 XIE19970304.0161 0
344 0 XIE19970306.0131 0
344 0 XIE19970308.0193 0
344 0 XIE19970313.0208 0
344 0 XIE19970328.0198 0
344 0 XIE19970329.0034 0
344 0 XIE19970403.0019 0
344 0 XIE19970408.0101 0
344 0 XIE19970415.0102 0
344 0 XIE19970415.0125 0
344 0 XIE19970416.0258 0
344 0 XIE19970417.0056 0
344 0 XIE19970420.0099 0
344 0 XIE19970425.0120 0
344 0 XIE19970426.0190 0
344 0 XIE19970430.0192 0
344 0 XIE19970511.0104 0
344 0 XIE19970515.0104 0
344 0 XIE19970518.0125 0
344 0 XIE19970526.0185 0
344 0 XIE19970610.0094 0
344 0 XIE19970621.0067 0
344 0 XIE19970627.0027 0
344 0 XIE19970627.0151 0
344 0 XIE19970722.0024 0
344 0 XIE19970826.0234 0
344 0 XIE19970917.0237 0
344 0 XIE19970918.0321 0
344 0 XIE19970919.0048 0
344 0 XIE19970923.0027 0
344 0 XIE19970924.0174 0
344 0 XIE19971005.0133 0
344 0 XIE19971011.0033 0
344 0 XIE19971116.0082 0
344 0 XIE19971118.0256 0
344 0 XIE19971129.0116 0
344 0 XIE19971210.0179 0
344 0 XIE19971214.0066 0
344 0 XIE19971217.0335 0
344 0 XIE19971219.0183 0
344 0 XIE19971231.0090 0
344 0 XIE19980103.0022 0
344 0 XIE19980114.0187 0
344 0 XIE19980119.0013 0
344 0 XIE19980131.0064 0
344 0 XIE19980205.0294 0
344 0 XIE19980211.0262 0
344 0 XIE19980220.0218 0
344 0 XIE19980225.0154 0
344 0 XIE19980226.0046 0
344 0 XIE19980226.0051 0
344 0 XIE19980304.0181 0
344 0 XIE19980304.0186 0
344 0 XIE19980305.0206 0
344 0 XIE19980306.0123 0
344 0 XIE19980307.0198 0
344 0 XIE19980316.0141 0
344 0 XIE19980409.0044 0
344 0 XIE19980419.0090 0
344 0 XIE19980429.0101 0
344 0 XIE19980503.0082 0
344 0 XIE19980526.0179 0
344 0 XIE19980526.0401 0
344 0 XIE19980601.0198 0
344 0 XIE19980605.0247 0
344 0 XIE19980612.0267 0
344 0 XIE19980618.0064 0
344 0 XIE19980623.0280 0
344 0 XIE19980625.0073 0
344 0 XIE19980625.0269 0
344 0 XIE19980626.0056 0
344 0 XIE19980708.0260 0
344 0 XIE19980714.0124 0
344 0 XIE19980722.0337 0
344 0 XIE19980819.0172 0
344 0 XIE19980819.0290 0
344 0 XIE19980823.0151 0
344 0 XIE19980906.0135 0
344 0 XIE19980918.0200 0
344 0 XIE19980927.0064 0
344 0 XIE19980929.0161 0
344 0 XIE19981005.0071 0
344 0 XIE19981006.0229 0
344 0 XIE19981011.0090 0
344 0 XIE19981011.0093 0
344 0 XIE19981014.0043 0
344 0 XIE19981106.0033 0
344 0 XIE19981118.0050 0
344 0 XIE19981122.0091 0
344 0 XIE19981127.0037 0
344 0 XIE19981202.0054 0
344 0 XIE19981203.0111 0
344 0 XIE19981215.0273 0
344 0 XIE19981218.0404 0
344 0 XIE19981219.0034 0
344 0 XIE19981225.0052 0
344 0 XIE19981229.0211 0
344 0 XIE19990108.0001 0
344 0 XIE19990115.0026 0
344 0 XIE19990129.0148 0
344 0 XIE19990203.0311 0
344 0 XIE19990207.0122 0
344 0 XIE19990212.0221 0
344 0 XIE19990227.0093 0
344 0 XIE19990227.0141 0
344 0 XIE19990301.0120 0
344 0 XIE19990307.0178 0
344 0 XIE19990313.0090 0
344 0 XIE19990403.0203 0
344 0 XIE19990409.0016 0
344 0 XIE19990427.0119 0
344 0 XIE19990502.0106 0
344 0 XIE19990605.0049 0
344 0 XIE19990607.0169 0
344 0 XIE19990615.0056 0
344 0 XIE19990615.0264 0
344 0 XIE19990618.0115 0
344 0 XIE19990620.0126 0
344 0 XIE19990711.0119 0
344 0 XIE19990724.0167 0
344 0 XIE19990727.0004 0
344 0 XIE19990803.0144 0
344 0 XIE19990805.0303 0
344 0 XIE19990817.0327 0
344 0 XIE19990819.0066 0
344 0 XIE19990819.0204 0
344 0 XIE19990822.0119 0
344 0 XIE19990822.0162 0
344 0 XIE19990826.0391 0
344 0 XIE19990827.0058 0
344 0 XIE19990830.0216 0
344 0 XIE19990831.0095 1
344 0 XIE19990902.0222 0
344 0 XIE19990928.0269 0
344 0 XIE19991003.0072 0
344 0 XIE19991007.0015 0
344 0 XIE19991010.0017 0
344 0 XIE19991012.0277 0
344 0 XIE19991102.0174 0
344 0 XIE19991112.0130 0
344 0 XIE19991113.0208 0
344 0 XIE19991115.0211 0
344 0 XIE19991123.0001 0
344 0 XIE19991202.0231 0
344 0 XIE19991209.0268 0
344 0 XIE19991211.0129 0
344 0 XIE19991214.0272 0
344 0 XIE19991214.0278 0
344 0 XIE19991217.0258 0
344 0 XIE19991219.0011 0
344 0 XIE19991223.0251 0
344 0 XIE20000103.0063 0
344 0 XIE20000110.0172 0
344 0 XIE20000118.0185 0
344 0 XIE20000126.0217 0
344 0 XIE20000202.0212 0
344 0 XIE20000208.0122 0
344 0 XIE20000212.0029 0
344 0 XIE20000218.0231 0
344 0 XIE20000227.0088 0
344 0 XIE20000227.0209 0
344 0 XIE20000301.0346 0
344 0 XIE20000305.0134 0
344 0 XIE20000308.0383 0
344 0 XIE20000327.0098 0
344 0 XIE20000327.0138 0
344 0 XIE20000405.0283 0
344 0 XIE20000411.0249 0
344 0 XIE20000413.0129 0
344 0 XIE20000427.0131 0
344 0 XIE20000429.0239 0
344 0 XIE20000501.0107 0
344 0 XIE20000502.0027 0
344 0 XIE20000503.0230 0
344 0 XIE20000506.0166 0
344 0 XIE20000509.0245 0
344 0 XIE20000512.0244 0
344 0 XIE20000513.0153 0
344 0 XIE20000513.0174 0
344 0 XIE20000519.0111 0
344 0 XIE20000526.0051 0
344 0 XIE20000529.0013 0
344 0 XIE20000609.0234 0
344 0 XIE20000617.0181 0
344 0 XIE20000701.0177 0
344 0 XIE20000709.0052 0
344 0 XIE20000714.0314 0
344 0 XIE20000726.0357 0
344 0 XIE20000801.0181 0
344 0 XIE20000829.0296 0
344 0 XIE20000903.0115 0
344 0 XIE20000911.0301 0
344 0 XIE20000919.0004 0
344 0 XIE20000927.0103 0
344 0 XIE20000928.0109 0
