347 0 APW19980601.0405 2
347 0 APW19980603.0561 1
347 0 APW19980603.0801 2
347 0 APW19980604.1129 2
347 0 APW19980608.0061 2
347 0 APW19980608.1108 0
347 0 APW19980608.1442 2
347 0 APW19980609.0663 2
347 0 APW19980609.0713 2
347 0 APW19980610.0611 2
347 0 APW19980610.0909 2
347 0 APW19980611.0982 2
347 0 APW19980611.1295 2
347 0 APW19980612.0628 2
347 0 APW19980612.1024 2
347 0 APW19980703.0368 0
347 0 APW19980703.0721 0
347 0 APW19980729.0699 0
347 0 APW19980809.0110 0
347 0 APW19980810.0558 0
347 0 APW19980819.0226 2
347 0 APW19980825.0443 0
347 0 APW19980825.0991 0
347 0 APW19980907.0515 0
347 0 APW19980910.0150 2
347 0 APW19980918.0632 0
347 0 APW19980918.0644 0
347 0 APW19980928.1310 0
347 0 APW19981003.0675 0
347 0 APW19981005.1297 0
347 0 APW19981018.0550 0
347 0 APW19981022.1020 0
347 0 APW19981029.1595 0
347 0 APW19981030.1410 0
347 0 APW19981031.0060 0
347 0 APW19981031.0619 0
347 0 APW19981031.0994 0
347 0 APW19981109.1089 0
347 0 APW19981109.1172 0
347 0 APW19981112.0653 0
347 0 APW19981115.0202 0
347 0 APW19981115.0899 0
347 0 APW19981122.1045 2
347 0 APW19981126.0169 0
347 0 APW19981209.1755 2
347 0 APW19981214.0968 2
347 0 APW19981216.0340 2
347 0 APW19981216.0943 0
347 0 APW19981217.0145 0
347 0 APW19981217.1511 0
347 0 APW19981219.0464 0
347 0 APW19990107.0288 0
347 0 APW19990107.0307 0
347 0 APW19990108.0268 0
347 0 APW19990119.0080 0
347 0 APW19990126.0290 0
347 0 APW19990127.0279 0
347 0 APW19990205.0144 0
347 0 APW19990303.0064 0
347 0 APW19990303.0185 0
347 0 APW19990315.0264 0
347 0 APW19990316.0005 0
347 0 APW19990318.0200 0
347 0 APW19990323.0266 0
347 0 APW19990415.0123 0
347 0 APW19990415.0225 0
347 0 APW19990417.0014 0
347 0 APW19990422.0048 0
347 0 APW19990422.0136 0
347 0 APW19990514.0247 0
347 0 APW19990518.0098 0
347 0 APW19990518.0300 0
347 0 APW19990611.0279 0
347 0 APW19990617.0210 0
347 0 APW19990624.0230 0
347 0 APW19990702.0093 0
347 0 APW19990702.0152 0
347 0 APW19990716.0030 0
347 0 APW19990725.0067 0
347 0 APW19990725.0111 0
347 0 APW19990729.0236 2
347 0 APW19990730.0127 2
347 0 APW19990804.0026 0
347 0 APW19990809.0123 0
347 0 APW19990820.0164 0
347 0 APW19990820.0165 0
347 0 APW19990909.0148 0
347 0 APW19990923.0201 0
347 0 APW19990925.0100 0
347 0 APW19990925.0193 0
347 0 APW20000108.0052 0
347 0 APW20000110.0262 0
347 0 APW20000111.0025 0
347 0 APW20000120.0249 0
347 0 APW20000203.0107 0
347 0 APW20000203.0116 0
347 0 APW20000203.0166 0
347 0 APW20000203.0243 0
347 0 APW20000411.0224 2
347 0 APW20000420.0125 2
347 0 APW20000505.0250 0
347 0 APW20000526.0167 0
347 0 APW20000528.0013 0
347 0 APW20000711.0084 0
347 0 APW20000716.0047 0
347 0 APW20000728.0007 0
347 0 APW20000830.0162 0
347 0 NYT19980601.0401 0
347 0 NYT19980602.0433 0
347 0 NYT19980604.0297 0
347 0 NYT19980604.0298 0
347 0 NYT19980604.0299 0
347 0 NYT19980604.0300 0
347 0 NYT19980604.0305 0
347 0 NYT19980604.0306 0
347 0 NYT19980604.0315 0
347 0 NYT19980604.0316 0
347 0 NYT19980604.0317 0
347 0 NYT19980604.0318 0
347 0 NYT19980604.0324 0
347 0 NYT19980604.0325 0
347 0 NYT19980605.0068 0
347 0 NYT19980605.0069 0
347 0 NYT19980605.0070 0
347 0 NYT19980605.0071 0
347 0 NYT19980605.0076 0
347 0 NYT19980605.0077 0
347 0 NYT19980605.0116 0
347 0 NYT19980605.0117 0
347 0 NYT19980605.0118 0
347 0 NYT19980605.0119 0
347 0 NYT19980605.0124 0
347 0 NYT19980605.0125 0
347 0 NYT19980605.0169 0
347 0 NYT19980605.0441 0
347 0 NYT19980609.0153 0
347 0 NYT19980609.0154 0
347 0 NYT19980609.0155 0
347 0 NYT19980609.0156 0
347 0 NYT19980609.0161 0
347 0 NYT19980609.0162 0
347 0 NYT19980609.0187 0
347 0 NYT19980609.0188 0
347 0 NYT19980609.0189 0
347 0 NYT19980609.0190 0
347 0 NYT19980609.0195 0
347 0 NYT19980609.0196 0
347 0 NYT19980610.0161 0
347 0 NYT19980610.0197 0
347 0 NYT19980610.0351 0
347 0 NYT19980611.0083 0
347 0 NYT19980611.0084 0
347 0 NYT19980611.0085 0
347 0 NYT19980611.0086 0
347 0 NYT19980611.0091 0
347 0 NYT19980611.0092 0
347 0 NYT19980611.0110 0
347 0 NYT19980622.0534 0
347 0 NYT19980623.0017 0
347 0 NYT19980623.0383 0
347 0 NYT19980623.0443 0
347 0 NYT19980623.0452 0
347 0 NYT19980623.0502 0
347 0 NYT19980625.0564 0
347 0 NYT19980626.0067 0
347 0 NYT19980628.0160 0
347 0 NYT19980707.0315 0
347 0 NYT19980709.0313 0
347 0 NYT19980727.0265 0
347 0 NYT19980801.0072 0
347 0 NYT19980805.0404 0
347 0 NYT19980805.0405 0
347 0 NYT19980805.0406 0
347 0 NYT19980805.0407 0
347 0 NYT19980805.0408 0
347 0 NYT19980810.0221 1
347 0 NYT19980810.0246 2
347 0 NYT19980819.0018 0
347 0 NYT19980821.0043 0
347 0 NYT19980821.0044 0
347 0 NYT19980902.0543 0
347 0 NYT19980911.0088 0
347 0 NYT19980914.0168 0
347 0 NYT19980916.0035 1
347 0 NYT19980916.0440 0
347 0 NYT19980916.0441 0
347 0 NYT19980921.0072 0
347 0 NYT19980923.0396 0
347 0 NYT19980923.0397 0
347 0 NYT19980928.0237 0
347 0 NYT19980929.0232 0
347 0 NYT19980929.0316 0
347 0 NYT19980929.0332 0
347 0 NYT19980930.0391 0
347 0 NYT19980930.0392 0
347 0 NYT19981007.0208 0
347 0 NYT19981013.0261 0
347 0 NYT19981019.0390 0
347 0 NYT19981019.0391 0
347 0 NYT19981019.0392 0
347 0 NYT19981019.0393 0
347 0 NYT19981021.0302 0
347 0 NYT19981021.0399 0
347 0 NYT19981026.0190 0
347 0 NYT19981027.0043 0
347 0 NYT19981106.0104 0
347 0 NYT19981125.0213 0
347 0 NYT19981125.0293 0
347 0 NYT19981127.0137 0
347 0 NYT19981127.0138 0
347 0 NYT19981202.0343 0
347 0 NYT19981203.0067 0
347 0 NYT19981204.0342 0
347 0 NYT19981228.0291 0
347 0 NYT19990111.0325 0
347 0 NYT19990111.0446 0
347 0 NYT19990112.0447 0
347 0 NYT19990118.0219 0
347 0 NYT19990118.0221 2
347 0 NYT19990120.0222 0
347 0 NYT19990216.0090 0
347 0 NYT19990305.0403 0
347 0 NYT19990305.0417 0
347 0 NYT19990311.0491 0
347 0 NYT19990311.0494 0
347 0 NYT19990314.0080 0
347 0 NYT19990314.0110 0
347 0 NYT19990314.0184 0
347 0 NYT19990315.0522 0
347 0 NYT19990316.0024 0
347 0 NYT19990316.0371 0
347 0 NYT19990316.0388 0
347 0 NYT19990316.0428 0
347 0 NYT19990316.0440 0
347 0 NYT19990317.0480 0
347 0 NYT19990320.0027 0
347 0 NYT19990320.0125 0
347 0 NYT19990409.0101 0
347 0 NYT19990411.0214 0
347 0 NYT19990412.0158 0
347 0 NYT19990413.0252 0
347 0 NYT19990423.0367 0
347 0 NYT19990425.0046 0
347 0 NYT19990426.0238 0
347 0 NYT19990426.0239 0
347 0 NYT19990426.0255 1
347 0 NYT19990503.0281 0
347 0 NYT19990503.0381 0
347 0 NYT19990506.0015 0
347 0 NYT19990517.0482 0
347 0 NYT19990518.0464 0
347 0 NYT19990519.0256 0
347 0 NYT19990519.0257 0
347 0 NYT19990525.0227 0
347 0 NYT19990531.0160 0
347 0 NYT19990602.0274 0
347 0 NYT19990606.0219 0
347 0 NYT19990608.0091 0
347 0 NYT19990617.0501 0
347 0 NYT19990621.0163 0
347 0 NYT19990628.0366 0
347 0 NYT19990630.0066 0
347 0 NYT19990630.0068 0
347 0 NYT19990630.0083 0
347 0 NYT19990702.0242 0
347 0 NYT19990714.0190 0
347 0 NYT19990719.0349 2
347 0 NYT19990730.0055 0
347 0 NYT19990801.0051 0
347 0 NYT19990804.0008 0
347 0 NYT19990804.0021 0
347 0 NYT19990810.0257 0
347 0 NYT19990810.0258 0
347 0 NYT19990810.0261 0
347 0 NYT19990810.0262 0
347 0 NYT19990810.0264 0
347 0 NYT19990810.0265 0
347 0 NYT19990818.0017 0
347 0 NYT19990823.0438 0
347 0 NYT19990827.0300 0
347 0 NYT19990901.0376 0
347 0 NYT19990908.0096 0
347 0 NYT19990908.0108 0
347 0 NYT19990908.0382 0
347 0 NYT19990925.0146 0
347 0 NYT19990926.0083 0
347 0 NYT19990929.0145 0
347 0 NYT19991001.0327 0
347 0 NYT19991007.0073 0
347 0 NYT19991011.0236 0
347 0 NYT19991013.0096 2
347 0 NYT19991013.0099 2
347 0 NYT19991014.0096 2
347 0 NYT19991014.0099 2
347 0 NYT19991029.0064 0
347 0 NYT19991105.0106 0
347 0 NYT19991119.0003 0
347 0 NYT19991227.0168 0
347 0 NYT19991228.0036 0
347 0 NYT20000102.0083 0
347 0 NYT20000103.0275 0
347 0 NYT20000104.0184 0
347 0 NYT20000112.0166 0
347 0 NYT20000113.0175 0
347 0 NYT20000114.0249 0
347 0 NYT20000115.0228 0
347 0 NYT20000115.0229 0
347 0 NYT20000115.0230 0
347 0 NYT20000115.0231 0
347 0 NYT20000115.0234 0
347 0 NYT20000115.0235 0
347 0 NYT20000115.0236 0
347 0 NYT20000116.0121 0
347 0 NYT20000117.0251 0
347 0 NYT20000117.0259 0
347 0 NYT20000126.0171 0
347 0 NYT20000130.0047 0
347 0 NYT20000202.0259 0
347 0 NYT20000210.0270 2
347 0 NYT20000210.0271 2
347 0 NYT20000210.0272 2
347 0 NYT20000210.0280 1
347 0 NYT20000210.0281 1
347 0 NYT20000210.0282 1
347 0 NYT20000211.0265 0
347 0 NYT20000211.0267 0
347 0 NYT20000214.0292 0
347 0 NYT20000214.0331 0
347 0 NYT20000302.0220 0
347 0 NYT20000308.0291 0
347 0 NYT20000308.0365 0
347 0 NYT20000313.0258 2
347 0 NYT20000313.0350 0
347 0 NYT20000315.0379 0
347 0 NYT20000327.0389 0
347 0 NYT20000404.0011 0
347 0 NYT20000405.0039 0
347 0 NYT20000410.0275 0
347 0 NYT20000411.0229 2
347 0 NYT20000412.0343 0
347 0 NYT20000414.0051 0
347 0 NYT20000414.0066 0
347 0 NYT20000418.0126 0
347 0 NYT20000418.0304 0
347 0 NYT20000418.0316 0
347 0 NYT20000419.0072 0
347 0 NYT20000419.0138 0
347 0 NYT20000424.0095 0
347 0 NYT20000501.0259 0
347 0 NYT20000503.0047 0
347 0 NYT20000517.0341 2
347 0 NYT20000519.0115 0
347 0 NYT20000519.0254 0
347 0 NYT20000522.0068 0
347 0 NYT20000522.0069 0
347 0 NYT20000522.0070 0
347 0 NYT20000522.0457 0
347 0 NYT20000526.0164 0
347 0 NYT20000529.0137 0
347 0 NYT20000529.0207 0
347 0 NYT20000531.0217 0
347 0 NYT20000607.0292 0
347 0 NYT20000621.0113 0
347 0 NYT20000621.0115 0
347 0 NYT20000630.0208 0
347 0 NYT20000630.0223 0
347 0 NYT20000702.0074 0
347 0 NYT20000707.0266 0
347 0 NYT20000707.0309 0
347 0 NYT20000711.0003 0
347 0 NYT20000711.0265 0
347 0 NYT20000713.0295 0
347 0 NYT20000714.0304 0
347 0 NYT20000715.0039 0
347 0 NYT20000715.0114 0
347 0 NYT20000717.0213 0
347 0 NYT20000718.0206 0
347 0 NYT20000723.0089 0
347 0 NYT20000726.0007 0
347 0 NYT20000804.0078 0
347 0 NYT20000808.0343 0
347 0 NYT20000811.0365 0
347 0 NYT20000819.0137 0
347 0 NYT20000822.0197 0
347 0 NYT20000825.0314 0
347 0 NYT20000825.0345 0
347 0 NYT20000826.0009 0
347 0 NYT20000829.0276 0
347 0 NYT20000831.0237 0
347 0 NYT20000911.0299 0
347 0 NYT20000912.0005 0
347 0 NYT20000912.0435 0
347 0 NYT20000921.0344 0
347 0 XIE19960103.0131 2
347 0 XIE19960105.0044 2
347 0 XIE19960115.0239 2
347 0 XIE19960118.0177 2
347 0 XIE19960125.0224 0
347 0 XIE19960304.0010 0
347 0 XIE19960305.0247 2
347 0 XIE19960319.0230 0
347 0 XIE19960321.0075 2
347 0 XIE19960325.0077 0
347 0 XIE19960411.0208 2
347 0 XIE19960411.0251 2
347 0 XIE19960412.0170 0
347 0 XIE19960418.0291 0
347 0 XIE19960421.0115 0
347 0 XIE19960421.0149 0
347 0 XIE19960424.0099 2
347 0 XIE19960427.0206 1
347 0 XIE19960515.0099 0
347 0 XIE19960518.0063 0
347 0 XIE19960518.0081 0
347 0 XIE19960518.0089 1
347 0 XIE19960519.0006 0
347 0 XIE19960519.0136 0
347 0 XIE19960604.0102 1
347 0 XIE19960604.0216 1
347 0 XIE19960605.0164 1
347 0 XIE19960608.0022 0
347 0 XIE19960608.0168 2
347 0 XIE19960622.0125 2
347 0 XIE19960627.0017 2
347 0 XIE19960711.0232 0
347 0 XIE19960717.0213 0
347 0 XIE19960719.0068 0
347 0 XIE19960722.0095 0
347 0 XIE19960722.0142 0
347 0 XIE19960722.0187 0
347 0 XIE19960723.0044 0
347 0 XIE19960725.0131 2
347 0 XIE19960804.0182 0
347 0 XIE19960807.0061 2
347 0 XIE19960807.0272 0
347 0 XIE19960811.0016 0
347 0 XIE19960812.0127 0
347 0 XIE19960817.0128 2
347 0 XIE19960818.0074 2
347 0 XIE19960820.0167 2
347 0 XIE19960821.0071 0
347 0 XIE19960825.0092 0
347 0 XIE19960913.0185 2
347 0 XIE19960919.0302 2
347 0 XIE19960926.0245 0
347 0 XIE19961004.0023 2
347 0 XIE19961101.0203 1
347 0 XIE19961105.0269 0
347 0 XIE19961107.0143 0
347 0 XIE19961112.0242 0
347 0 XIE19961123.0015 0
347 0 XIE19961128.0008 1
347 0 XIE19961129.0221 0
347 0 XIE19961206.0228 2
347 0 XIE19961206.0243 2
347 0 XIE19961213.0254 0
347 0 XIE19970102.0016 0
347 0 XIE19970104.0075 0
347 0 XIE19970106.0096 2
347 0 XIE19970125.0180 2
347 0 XIE19970128.0178 2
347 0 XIE19970202.0183 0
347 0 XIE19970203.0145 0
347 0 XIE19970211.0186 2
347 0 XIE19970222.0184 0
347 0 XIE19970306.0098 1
347 0 XIE19970306.0151 2
347 0 XIE19970317.0069 0
347 0 XIE19970319.0197 2
347 0 XIE19970408.0285 2
347 0 XIE19970414.0053 0
347 0 XIE19970512.0217 2
347 0 XIE19970514.0221 2
347 0 XIE19970515.0155 0
347 0 XIE19970518.0125 0
347 0 XIE19970526.0007 0
347 0 XIE19970609.0009 2
347 0 XIE19970617.0276 2
347 0 XIE19970619.0010 0
347 0 XIE19970627.0130 2
347 0 XIE19970705.0019 2
347 0 XIE19970801.0097 0
347 0 XIE19970829.0301 0
347 0 XIE19970908.0146 0
347 0 XIE19970909.0259 0
347 0 XIE19970919.0048 0
347 0 XIE19971011.0152 0
347 0 XIE19971011.0245 2
347 0 XIE19971014.0246 0
347 0 XIE19971017.0263 0
347 0 XIE19971020.0082 2
347 0 XIE19971030.0121 2
347 0 XIE19971107.0044 2
347 0 XIE19971108.0123 1
347 0 XIE19971122.0172 0
347 0 XIE19971202.0209 0
347 0 XIE19971202.0315 2
347 0 XIE19971208.0182 0
347 0 XIE19971212.0238 2
347 0 XIE19971219.0183 0
347 0 XIE19971223.0100 0
347 0 XIE19971225.0046 2
347 0 XIE19971231.0090 0
347 0 XIE19980105.0078 0
347 0 XIE19980115.0226 1
347 0 XIE19980223.0077 0
347 0 XIE19980408.0056 0
347 0 XIE19980410.0125 0
347 0 XIE19980416.0171 0
347 0 XIE19980422.0075 0
347 0 XIE19980423.0051 0
347 0 XIE19980429.0101 0
347 0 XIE19980523.0070 2
347 0 XIE19980601.0056 0
347 0 XIE19980603.0254 0
347 0 XIE19980604.0278 2
347 0 XIE19980605.0222 2
347 0 XIE19980608.0083 2
347 0 XIE19980616.0241 2
347 0 XIE19980701.0253 2
347 0 XIE19980704.0122 2
347 0 XIE19980716.0132 0
347 0 XIE19980806.0101 0
347 0 XIE19980818.0016 0
347 0 XIE19980820.0004 2
347 0 XIE19980825.0125 0
347 0 XIE19981005.0071 0
347 0 XIE19981007.0277 0
347 0 XIE19981011.0090 0
347 0 XIE19981011.0093 0
347 0 XIE19981105.0262 2
347 0 XIE19981108.0077 0
347 0 XIE19981108.0081 0
347 0 XIE19981113.0271 0
347 0 XIE19981123.0275 0
347 0 XIE19981204.0117 0
347 0 XIE19981206.0027 0
347 0 XIE19981207.0051 2
347 0 XIE19981210.0270 0
347 0 XIE19981215.0273 0
347 0 XIE19981217.0046 0
347 0 XIE19981218.0059 2
347 0 XIE19981218.0404 0
347 0 XIE19981223.0121 0
347 0 XIE19981231.0006 2
347 0 XIE19981231.0166 2
347 0 XIE19990105.0289 2
347 0 XIE19990118.0029 2
347 0 XIE19990130.0010 0
347 0 XIE19990204.0055 0
347 0 XIE19990204.0173 2
347 0 XIE19990207.0122 0
347 0 XIE19990211.0261 2
347 0 XIE19990212.0026 0
347 0 XIE19990312.0325 0
347 0 XIE19990318.0331 2
347 0 XIE19990411.0088 2
347 0 XIE19990417.0109 2
347 0 XIE19990420.0222 0
347 0 XIE19990422.0339 2
347 0 XIE19990427.0119 0
347 0 XIE19990427.0169 1
347 0 XIE19990503.0168 2
347 0 XIE19990520.0256 2
347 0 XIE19990526.0022 0
347 0 XIE19990526.0198 2
347 0 XIE19990601.0045 2
347 0 XIE19990607.0183 0
347 0 XIE19990607.0184 0
347 0 XIE19990609.0202 2
347 0 XIE19990610.0257 2
347 0 XIE19990614.0182 0
347 0 XIE19990615.0234 2
347 0 XIE19990617.0054 2
347 0 XIE19990623.0138 0
347 0 XIE19990623.0245 0
347 0 XIE19990702.0208 0
347 0 XIE19990704.0116 0
347 0 XIE19990705.0208 0
347 0 XIE19990707.0235 2
347 0 XIE19990708.0165 0
347 0 XIE19990716.0171 2
347 0 XIE19990716.0185 0
347 0 XIE19990730.0205 2
347 0 XIE19990812.0226 2
347 0 XIE19990821.0044 2
347 0 XIE19990824.0320 0
347 0 XIE19990830.0169 0
347 0 XIE19990830.0216 0
347 0 XIE19990831.0024 0
347 0 XIE19990910.0257 0
347 0 XIE19990920.0246 2
347 0 XIE19990923.0286 0
347 0 XIE19990929.0194 2
347 0 XIE19991013.0026 2
347 0 XIE19991014.0319 0
347 0 XIE19991015.0066 2
347 0 XIE19991015.0102 2
347 0 XIE19991015.0107 2
347 0 XIE19991015.0137 2
347 0 XIE19991015.0150 1
347 0 XIE19991015.0190 2
347 0 XIE19991016.0220 2
347 0 XIE19991102.0229 0
347 0 XIE19991111.0293 2
347 0 XIE19991119.0091 0
347 0 XIE19991125.0260 2
347 0 XIE19991202.0231 0
347 0 XIE19991204.0032 2
347 0 XIE19991216.0179 2
347 0 XIE19991222.0289 2
347 0 XIE20000119.0180 0
347 0 XIE20000120.0083 0
347 0 XIE20000125.0249 2
347 0 XIE20000128.0205 0
347 0 XIE20000201.0170 0
347 0 XIE20000207.0028 0
347 0 XIE20000212.0029 0
347 0 XIE20000218.0231 0
347 0 XIE20000221.0162 2
347 0 XIE20000221.0275 0
347 0 XIE20000229.0230 2
347 0 XIE20000303.0232 1
347 0 XIE20000308.0254 2
347 0 XIE20000317.0072 0
347 0 XIE20000322.0059 0
347 0 XIE20000324.0081 0
347 0 XIE20000329.0205 2
347 0 XIE20000330.0154 0
347 0 XIE20000402.0062 0
347 0 XIE20000408.0124 0
347 0 XIE20000410.0009 2
347 0 XIE20000411.0145 0
347 0 XIE20000411.0234 0
347 0 XIE20000411.0249 0
347 0 XIE20000412.0022 0
347 0 XIE20000412.0047 2
347 0 XIE20000415.0116 2
347 0 XIE20000416.0044 2
347 0 XIE20000417.0219 0
347 0 XIE20000420.0040 2
347 0 XIE20000426.0104 0
347 0 XIE20000508.0331 1
347 0 XIE20000512.0014 2
347 0 XIE20000519.0111 0
347 0 XIE20000526.0051 0
347 0 XIE20000529.0013 0
347 0 XIE20000529.0106 2
347 0 XIE20000531.0205 2
347 0 XIE20000605.0115 2
347 0 XIE20000607.0295 0
347 0 XIE20000615.0161 2
347 0 XIE20000617.0181 0
347 0 XIE20000619.0278 0
347 0 XIE20000622.0306 0
347 0 XIE20000709.0052 0
347 0 XIE20000714.0314 0
347 0 XIE20000721.0100 0
347 0 XIE20000726.0357 0
347 0 XIE20000801.0107 2
347 0 XIE20000801.0181 0
347 0 XIE20000816.0036 0
347 0 XIE20000901.0259 1
347 0 XIE20000907.0130 0
347 0 XIE20000925.0124 2
