367 0 APW19980601.0110 0
367 0 APW19980601.0854 0
367 0 APW19980601.1065 2
367 0 APW19980602.0558 0
367 0 APW19980603.1082 0
367 0 APW19980603.1131 0
367 0 APW19980603.1349 1
367 0 APW19980604.1126 0
367 0 APW19980604.1142 0
367 0 APW19980609.0363 2
367 0 APW19980610.1034 2
367 0 APW19980610.1476 0
367 0 APW19980615.0002 2
367 0 APW19980617.0580 0
367 0 APW19980619.1054 0
367 0 APW19980622.0894 0
367 0 APW19980703.0368 0
367 0 APW19980703.0721 0
367 0 APW19980705.0107 2
367 0 APW19980707.0378 0
367 0 APW19980707.0500 0
367 0 APW19980707.0539 0
367 0 APW19980707.0656 0
367 0 APW19980707.0739 0
367 0 APW19980721.0394 0
367 0 APW19980728.0220 2
367 0 APW19980807.0461 2
367 0 APW19980809.0110 0
367 0 APW19980812.0389 0
367 0 APW19980819.0236 0
367 0 APW19980821.0030 0
367 0 APW19980826.0015 1
367 0 APW19980903.1411 0
367 0 APW19980908.0524 0
367 0 APW19980914.0519 0
367 0 APW19980916.0687 2
367 0 APW19980918.1399 0
367 0 APW19980923.0178 0
367 0 APW19980923.0476 0
367 0 APW19980924.0128 0
367 0 APW19980925.0016 0
367 0 APW19980925.0082 0
367 0 APW19980925.0266 0
367 0 APW19981003.0675 0
367 0 APW19981020.0215 2
367 0 APW19981020.0273 2
367 0 APW19981020.0960 0
367 0 APW19981028.0660 0
367 0 APW19981030.1444 0
367 0 APW19981104.1424 0
367 0 APW19981105.0531 0
367 0 APW19981106.0309 0
367 0 APW19981106.0984 0
367 0 APW19981109.0121 0
367 0 APW19981109.1089 0
367 0 APW19981109.1172 0
367 0 APW19981115.0202 0
367 0 APW19981120.0636 2
367 0 APW19981127.0256 0
367 0 APW19981202.0232 2
367 0 APW19981204.1399 0
367 0 APW19981207.1675 2
367 0 APW19981217.1511 0
367 0 APW19981219.0464 0
367 0 APW19981227.0040 0
367 0 APW19981229.0264 2
367 0 APW19981231.0214 2
367 0 APW19981231.0270 2
367 0 APW19990114.0237 0
367 0 APW19990121.0356 0
367 0 APW19990127.0342 0
367 0 APW19990201.0176 0
367 0 APW19990201.0283 0
367 0 APW19990213.0013 0
367 0 APW19990213.0051 0
367 0 APW19990226.0075 0
367 0 APW19990311.0366 0
367 0 APW19990317.0347 0
367 0 APW19990323.0243 0
367 0 APW19990325.0104 0
367 0 APW19990413.0066 0
367 0 APW19990413.0199 0
367 0 APW19990413.0288 0
367 0 APW19990414.0195 0
367 0 APW19990425.0112 0
367 0 APW19990429.0266 0
367 0 APW19990429.0347 0
367 0 APW19990503.0020 0
367 0 APW19990504.0302 0
367 0 APW19990521.0028 0
367 0 APW19990610.0095 0
367 0 APW19990629.0073 0
367 0 APW19990702.0053 0
367 0 APW19990726.0269 0
367 0 APW19990802.0175 0
367 0 APW19990804.0062 0
367 0 APW19990804.0130 0
367 0 APW19990804.0248 0
367 0 APW19990805.0216 0
367 0 APW19990909.0328 0
367 0 APW19990929.0222 0
367 0 APW19991007.0328 2
367 0 APW19991028.0098 0
367 0 APW20000104.0235 0
367 0 APW20000106.0295 0
367 0 APW20000113.0148 0
367 0 APW20000113.0149 0
367 0 APW20000113.0157 0
367 0 APW20000113.0221 0
367 0 APW20000113.0240 0
367 0 APW20000113.0261 0
367 0 APW20000113.0294 0
367 0 APW20000113.0363 0
367 0 APW20000114.0115 0
367 0 APW20000114.0161 0
367 0 APW20000119.0190 2
367 0 APW20000119.0355 2
367 0 APW20000120.0051 2
367 0 APW20000128.0142 2
367 0 APW20000129.0003 2
367 0 APW20000129.0008 2
367 0 APW20000204.0092 0
367 0 APW20000208.0268 0
367 0 APW20000210.0175 0
367 0 APW20000227.0062 0
367 0 APW20000227.0135 0
367 0 APW20000228.0267 0
367 0 APW20000228.0285 0
367 0 APW20000228.0319 0
367 0 APW20000229.0011 0
367 0 APW20000229.0028 0
367 0 APW20000307.0153 0
367 0 APW20000308.0199 0
367 0 APW20000309.0078 0
367 0 APW20000309.0124 0
367 0 APW20000309.0181 0
367 0 APW20000314.0108 0
367 0 APW20000403.0175 2
367 0 APW20000418.0064 0
367 0 APW20000418.0197 0
367 0 APW20000425.0011 0
367 0 APW20000425.0051 2
367 0 APW20000425.0096 1
367 0 APW20000425.0221 1
367 0 APW20000427.0086 1
367 0 APW20000501.0152 0
367 0 APW20000503.0142 0
367 0 APW20000503.0198 0
367 0 APW20000503.0221 0
367 0 APW20000505.0137 0
367 0 APW20000513.0011 0
367 0 APW20000515.0058 0
367 0 APW20000517.0063 0
367 0 APW20000518.0021 0
367 0 APW20000520.0025 2
367 0 APW20000526.0167 0
367 0 APW20000626.0053 2
367 0 APW20000630.0029 0
367 0 APW20000729.0148 0
367 0 APW20000730.0034 0
367 0 APW20000730.0056 0
367 0 APW20000803.0217 0
367 0 APW20000813.0026 0
367 0 APW20000816.0161 0
367 0 APW20000820.0041 0
367 0 APW20000826.0033 0
367 0 NYT19980603.0304 0
367 0 NYT19980603.0379 0
367 0 NYT19980608.0142 0
367 0 NYT19980610.0143 0
367 0 NYT19980614.0035 0
367 0 NYT19980615.0047 0
367 0 NYT19980623.0473 0
367 0 NYT19980624.0275 0
367 0 NYT19980626.0096 2
367 0 NYT19980708.0246 0
367 0 NYT19980720.0391 0
367 0 NYT19980810.0063 2
367 0 NYT19980812.0402 2
367 0 NYT19980820.0339 0
367 0 NYT19980909.0285 0
367 0 NYT19980911.0130 0
367 0 NYT19980915.0371 0
367 0 NYT19980930.0088 0
367 0 NYT19980930.0400 0
367 0 NYT19980930.0450 0
367 0 NYT19981001.0053 0
367 0 NYT19981001.0224 0
367 0 NYT19981001.0226 0
367 0 NYT19981012.0438 0
367 0 NYT19981014.0163 0
367 0 NYT19981019.0390 0
367 0 NYT19981019.0391 0
367 0 NYT19981019.0392 0
367 0 NYT19981019.0393 0
367 0 NYT19981021.0399 0
367 0 NYT19981108.0195 0
367 0 NYT19981108.0196 0
367 0 NYT19981121.0123 0
367 0 NYT19981125.0147 0
367 0 NYT19981215.0151 0
367 0 NYT19981215.0160 0
367 0 NYT19981215.0195 0
367 0 NYT19981215.0380 0
367 0 NYT19981216.0212 0
367 0 NYT19981216.0222 0
367 0 NYT19981225.0141 0
367 0 NYT19990101.0137 0
367 0 NYT19990115.0041 0
367 0 NYT19990120.0381 0
367 0 NYT19990123.0047 0
367 0 NYT19990204.0433 1
367 0 NYT19990215.0085 0
367 0 NYT19990215.0097 0
367 0 NYT19990219.0159 0
367 0 NYT19990219.0160 0
367 0 NYT19990223.0126 0
367 0 NYT19990223.0127 0
367 0 NYT19990302.0089 0
367 0 NYT19990305.0128 0
367 0 NYT19990309.0170 0
367 0 NYT19990312.0412 0
367 0 NYT19990317.0380 0
367 0 NYT19990323.0237 0
367 0 NYT19990325.0168 0
367 0 NYT19990328.0288 0
367 0 NYT19990409.0195 0
367 0 NYT19990410.0123 0
367 0 NYT19990419.0286 0
367 0 NYT19990421.0468 0
367 0 NYT19990427.0265 0
367 0 NYT19990501.0262 0
367 0 NYT19990502.0122 0
367 0 NYT19990502.0231 0
367 0 NYT19990505.0426 0
367 0 NYT19990512.0443 0
367 0 NYT19990515.0213 0
367 0 NYT19990515.0272 0
367 0 NYT19990515.0273 0
367 0 NYT19990520.0435 0
367 0 NYT19990520.0529 0
367 0 NYT19990521.0004 0
367 0 NYT19990521.0344 0
367 0 NYT19990528.0207 0
367 0 NYT19990528.0329 0
367 0 NYT19990530.0104 0
367 0 NYT19990611.0149 0
367 0 NYT19990611.0346 0
367 0 NYT19990615.0355 0
367 0 NYT19990616.0005 0
367 0 NYT19990616.0007 0
367 0 NYT19990618.0306 0
367 0 NYT19990701.0239 0
367 0 NYT19990702.0265 0
367 0 NYT19990704.0032 0
367 0 NYT19990707.0104 0
367 0 NYT19990715.0077 0
367 0 NYT19990717.0010 0
367 0 NYT19990720.0125 0
367 0 NYT19990720.0147 0
367 0 NYT19990802.0124 0
367 0 NYT19990802.0322 0
367 0 NYT19990805.0327 0
367 0 NYT19990813.0325 0
367 0 NYT19990824.0143 0
367 0 NYT19990824.0144 0
367 0 NYT19990903.0229 0
367 0 NYT19990907.0128 0
367 0 NYT19990908.0193 0
367 0 NYT19990908.0258 0
367 0 NYT19990916.0431 0
367 0 NYT19990922.0327 0
367 0 NYT19990928.0248 0
367 0 NYT19990929.0271 0
367 0 NYT19991003.1155 0
367 0 NYT19991015.0308 0
367 0 NYT19991015.0310 0
367 0 NYT19991021.0039 0
367 0 NYT19991022.0223 0
367 0 NYT19991028.0262 0
367 0 NYT19991101.0359 0
367 0 NYT19991103.0472 0
367 0 NYT19991112.0190 0
367 0 NYT19991125.0051 0
367 0 NYT19991125.0062 0
367 0 NYT19991129.0173 0
367 0 NYT19991206.0229 0
367 0 NYT20000113.0406 0
367 0 NYT20000114.0125 0
367 0 NYT20000114.0239 0
367 0 NYT20000125.0052 2
367 0 NYT20000125.0053 2
367 0 NYT20000127.0183 0
367 0 NYT20000127.0219 0
367 0 NYT20000130.0136 0
367 0 NYT20000202.0348 0
367 0 NYT20000203.0127 0
367 0 NYT20000204.0231 0
367 0 NYT20000204.0233 0
367 0 NYT20000204.0236 0
367 0 NYT20000206.0183 0
367 0 NYT20000206.0185 0
367 0 NYT20000206.0186 0
367 0 NYT20000209.0087 0
367 0 NYT20000210.0315 0
367 0 NYT20000210.0335 0
367 0 NYT20000219.0119 0
367 0 NYT20000221.0307 0
367 0 NYT20000222.0019 0
367 0 NYT20000222.0407 0
367 0 NYT20000222.0503 0
367 0 NYT20000302.0368 0
367 0 NYT20000302.0395 0
367 0 NYT20000321.0095 0
367 0 NYT20000414.0208 0
367 0 NYT20000414.0427 0
367 0 NYT20000416.0058 0
367 0 NYT20000419.0075 0
367 0 NYT20000419.0377 0
367 0 NYT20000507.0108 0
367 0 NYT20000508.0020 0
367 0 NYT20000517.0272 0
367 0 NYT20000518.0053 0
367 0 NYT20000521.0096 0
367 0 NYT20000521.0142 0
367 0 NYT20000522.0432 0
367 0 NYT20000524.0062 0
367 0 NYT20000524.0065 0
367 0 NYT20000524.0375 0
367 0 NYT20000524.0387 0
367 0 NYT20000607.0108 0
367 0 NYT20000607.0110 0
367 0 NYT20000607.0206 0
367 0 NYT20000607.0272 0
367 0 NYT20000607.0426 0
367 0 NYT20000612.0149 0
367 0 NYT20000705.0105 0
367 0 NYT20000705.0238 0
367 0 NYT20000707.0251 0
367 0 NYT20000707.0326 0
367 0 NYT20000707.0341 0
367 0 NYT20000713.0295 0
367 0 NYT20000720.0330 0
367 0 NYT20000720.0432 0
367 0 NYT20000723.0108 0
367 0 NYT20000725.0365 0
367 0 NYT20000726.0306 0
367 0 NYT20000726.0332 0
367 0 NYT20000729.0178 0
367 0 NYT20000730.0098 0
367 0 NYT20000731.0153 0
367 0 NYT20000731.0246 0
367 0 NYT20000801.0351 0
367 0 NYT20000802.0198 0
367 0 NYT20000803.0317 1
367 0 NYT20000804.0074 0
367 0 NYT20000806.0165 0
367 0 NYT20000806.0190 0
367 0 NYT20000814.0288 0
367 0 NYT20000818.0166 0
367 0 NYT20000818.0169 0
367 0 NYT20000821.0338 2
367 0 NYT20000822.0083 0
367 0 NYT20000822.0118 2
367 0 NYT20000822.0290 0
367 0 NYT20000904.0218 0
367 0 NYT20000904.0237 0
367 0 NYT20000906.0052 0
367 0 NYT20000906.0053 2
367 0 NYT20000906.0054 2
367 0 NYT20000906.0060 2
367 0 NYT20000906.0104 2
367 0 NYT20000906.0118 2
367 0 NYT20000906.0138 2
367 0 NYT20000906.0150 2
367 0 NYT20000906.0157 2
367 0 NYT20000913.0272 2
367 0 NYT20000920.0036 0
367 0 NYT20000926.0114 0
367 0 NYT20000927.0177 0
367 0 NYT20000927.0389 0
367 0 XIE19960104.0056 0
367 0 XIE19960119.0099 0
367 0 XIE19960125.0224 0
367 0 XIE19960127.0158 1
367 0 XIE19960208.0053 0
367 0 XIE19960208.0215 0
367 0 XIE19960208.0221 0
367 0 XIE19960208.0269 0
367 0 XIE19960209.0064 0
367 0 XIE19960218.0099 2
367 0 XIE19960219.0081 0
367 0 XIE19960314.0155 0
367 0 XIE19960319.0230 0
367 0 XIE19960425.0141 0
367 0 XIE19960507.0288 0
367 0 XIE19960512.0070 0
367 0 XIE19960513.0022 0
367 0 XIE19960514.0168 0
367 0 XIE19960515.0070 0
367 0 XIE19960516.0092 0
367 0 XIE19960518.0129 0
367 0 XIE19960519.0006 0
367 0 XIE19960611.0084 0
367 0 XIE19960619.0115 0
367 0 XIE19960629.0142 0
367 0 XIE19960718.0196 0
367 0 XIE19960726.0269 0
367 0 XIE19960805.0009 0
367 0 XIE19960821.0071 0
367 0 XIE19960821.0175 2
367 0 XIE19960825.0014 0
367 0 XIE19960913.0274 0
367 0 XIE19960914.0061 0
367 0 XIE19960927.0212 2
367 0 XIE19961001.0022 1
367 0 XIE19961012.0096 0
367 0 XIE19961119.0011 0
367 0 XIE19961206.0017 0
367 0 XIE19961225.0071 0
367 0 XIE19970102.0075 0
367 0 XIE19970104.0075 0
367 0 XIE19970106.0054 2
367 0 XIE19970107.0030 2
367 0 XIE19970109.0101 0
367 0 XIE19970122.0108 2
367 0 XIE19970202.0183 0
367 0 XIE19970204.0246 0
367 0 XIE19970216.0102 0
367 0 XIE19970313.0070 0
367 0 XIE19970317.0069 0
367 0 XIE19970408.0266 0
367 0 XIE19970419.0131 0
367 0 XIE19970510.0083 0
367 0 XIE19970513.0062 0
367 0 XIE19970518.0125 0
367 0 XIE19970525.0065 0
367 0 XIE19970525.0136 0
367 0 XIE19970715.0206 2
367 0 XIE19970808.0169 2
367 0 XIE19970810.0093 0
367 0 XIE19970813.0114 0
367 0 XIE19970819.0173 2
367 0 XIE19970919.0048 0
367 0 XIE19970923.0092 0
367 0 XIE19971025.0036 0
367 0 XIE19971108.0222 0
367 0 XIE19971210.0075 0
367 0 XIE19971219.0183 0
367 0 XIE19971219.0186 0
367 0 XIE19971221.0165 0
367 0 XIE19971224.0133 0
367 0 XIE19971231.0090 0
367 0 XIE19980105.0205 0
367 0 XIE19980107.0149 0
367 0 XIE19980109.0015 0
367 0 XIE19980115.0082 0
367 0 XIE19980117.0100 0
367 0 XIE19980119.0126 0
367 0 XIE19980119.0180 0
367 0 XIE19980121.0021 2
367 0 XIE19980206.0260 0
367 0 XIE19980210.0138 0
367 0 XIE19980212.0303 2
367 0 XIE19980223.0077 0
367 0 XIE19980227.0125 0
367 0 XIE19980310.0204 0
367 0 XIE19980311.0337 0
367 0 XIE19980313.0146 0
367 0 XIE19980314.0017 0
367 0 XIE19980320.0066 0
367 0 XIE19980324.0229 0
367 0 XIE19980330.0007 0
367 0 XIE19980403.0232 0
367 0 XIE19980409.0216 0
367 0 XIE19980413.0016 2
367 0 XIE19980413.0192 2
367 0 XIE19980415.0248 0
367 0 XIE19980416.0136 0
367 0 XIE19980418.0183 0
367 0 XIE19980428.0004 0
367 0 XIE19980429.0101 0
367 0 XIE19980502.0004 0
367 0 XIE19980505.0040 2
367 0 XIE19980509.0256 0
367 0 XIE19980515.0342 0
367 0 XIE19980603.0104 0
367 0 XIE19980611.0136 0
367 0 XIE19980627.0048 2
367 0 XIE19980630.0074 0
367 0 XIE19980716.0132 0
367 0 XIE19980720.0120 2
367 0 XIE19980722.0056 0
367 0 XIE19980806.0101 0
367 0 XIE19980807.0114 2
367 0 XIE19980910.0167 0
367 0 XIE19980916.0074 0
367 0 XIE19980922.0211 0
367 0 XIE19981002.0015 2
367 0 XIE19981011.0090 0
367 0 XIE19981011.0093 0
367 0 XIE19981015.0259 0
367 0 XIE19981018.0019 2
367 0 XIE19981028.0287 0
367 0 XIE19981029.0076 0
367 0 XIE19981030.0112 0
367 0 XIE19981118.0311 0
367 0 XIE19981119.0269 0
367 0 XIE19981125.0114 0
367 0 XIE19981125.0116 0
367 0 XIE19981204.0128 0
367 0 XIE19981205.0097 0
367 0 XIE19981205.0116 0
367 0 XIE19981207.0038 0
367 0 XIE19981211.0039 0
367 0 XIE19981218.0404 0
367 0 XIE19981224.0170 1
367 0 XIE19981226.0063 0
367 0 XIE19990108.0075 0
367 0 XIE19990129.0202 0
367 0 XIE19990203.0111 2
367 0 XIE19990207.0122 0
367 0 XIE19990219.0142 0
367 0 XIE19990223.0088 0
367 0 XIE19990224.0141 0
367 0 XIE19990224.0165 0
367 0 XIE19990304.0086 2
367 0 XIE19990307.0133 2
367 0 XIE19990312.0118 0
367 0 XIE19990312.0155 0
367 0 XIE19990316.0088 0
367 0 XIE19990317.0150 2
367 0 XIE19990323.0115 0
367 0 XIE19990402.0062 0
367 0 XIE19990414.0134 0
367 0 XIE19990429.0284 0
367 0 XIE19990504.0152 0
367 0 XIE19990505.0130 0
367 0 XIE19990519.0342 0
367 0 XIE19990605.0143 2
367 0 XIE19990612.0182 0
367 0 XIE19990625.0305 0
367 0 XIE19990626.0118 2
367 0 XIE19990728.0261 0
367 0 XIE19990818.0111 2
367 0 XIE19990829.0009 0
367 0 XIE19990902.0225 0
367 0 XIE19990903.0165 0
367 0 XIE19990903.0171 0
367 0 XIE19990903.0342 0
367 0 XIE19990903.0366 0
367 0 XIE19990909.0222 0
367 0 XIE19990918.0168 0
367 0 XIE19991006.0109 0
367 0 XIE19991012.0198 0
367 0 XIE19991012.0318 0
367 0 XIE19991016.0159 0
367 0 XIE19991019.0158 2
367 0 XIE19991020.0116 0
367 0 XIE19991020.0130 0
367 0 XIE19991025.0232 0
367 0 XIE19991102.0107 0
367 0 XIE19991102.0136 0
367 0 XIE19991104.0196 0
367 0 XIE19991124.0236 2
367 0 XIE19991202.0144 0
367 0 XIE19991203.0056 0
367 0 XIE19991211.0156 2
367 0 XIE19991211.0184 2
367 0 XIE19991216.0092 0
367 0 XIE19991216.0178 0
367 0 XIE19991217.0319 0
367 0 XIE19991222.0145 2
367 0 XIE19991222.0290 0
367 0 XIE19991228.0109 0
367 0 XIE19991230.0057 0
367 0 XIE20000118.0241 0
367 0 XIE20000128.0035 0
367 0 XIE20000202.0138 1
367 0 XIE20000202.0190 2
367 0 XIE20000211.0135 0
367 0 XIE20000212.0029 0
367 0 XIE20000217.0109 2
367 0 XIE20000218.0231 0
367 0 XIE20000307.0317 0
367 0 XIE20000310.0121 0
367 0 XIE20000328.0080 0
367 0 XIE20000329.0126 0
367 0 XIE20000410.0142 0
367 0 XIE20000411.0249 0
367 0 XIE20000416.0148 0
367 0 XIE20000420.0128 0
367 0 XIE20000424.0068 2
367 0 XIE20000424.0074 2
367 0 XIE20000428.0052 2
367 0 XIE20000430.0025 0
367 0 XIE20000506.0150 2
367 0 XIE20000510.0244 2
367 0 XIE20000516.0245 0
367 0 XIE20000519.0111 0
367 0 XIE20000526.0051 0
367 0 XIE20000529.0013 0
367 0 XIE20000602.0005 0
367 0 XIE20000617.0181 0
367 0 XIE20000622.0174 0
367 0 XIE20000623.0202 0
367 0 XIE20000626.0244 0
367 0 XIE20000713.0110 0
367 0 XIE20000714.0314 0
367 0 XIE20000721.0264 0
367 0 XIE20000726.0259 0
367 0 XIE20000726.0357 0
367 0 XIE20000801.0012 0
367 0 XIE20000803.0091 2
367 0 XIE20000804.0135 0
367 0 XIE20000812.0096 0
367 0 XIE20000815.0052 0
367 0 XIE20000821.0076 2
367 0 XIE20000828.0236 0
367 0 XIE20000904.0167 0
367 0 XIE20000919.0129 2
