435 0 APW19980602.0136 2
435 0 APW19980604.1275 0
435 0 APW19980604.1454 0
435 0 APW19980604.1915 0
435 0 APW19980606.0523 0
435 0 APW19980608.0765 0
435 0 APW19980608.0771 0
435 0 APW19980608.0792 0
435 0 APW19980608.1539 0
435 0 APW19980615.0788 0
435 0 APW19980615.0848 0
435 0 APW19980626.1305 0
435 0 APW19980703.0368 0
435 0 APW19980703.0721 0
435 0 APW19980708.0628 0
435 0 APW19980712.0658 0
435 0 APW19980731.0447 0
435 0 APW19980830.0241 0
435 0 APW19980901.1234 0
435 0 APW19980902.0967 0
435 0 APW19980902.0991 1
435 0 APW19980904.1258 0
435 0 APW19980925.0252 0
435 0 APW19980926.0401 0
435 0 APW19981008.0331 0
435 0 APW19981016.0167 0
435 0 APW19981021.1383 0
435 0 APW19981027.1431 0
435 0 APW19981114.0047 0
435 0 APW19981122.0989 0
435 0 APW19981201.1155 0
435 0 APW19981216.1449 0
435 0 APW19990518.0182 0
435 0 APW19990527.0317 0
435 0 APW19990609.0041 0
435 0 APW19990626.0026 0
435 0 APW19990704.0004 0
435 0 APW19990728.0287 0
435 0 APW19990728.0313 0
435 0 APW19990730.0072 0
435 0 APW19990922.0278 0
435 0 APW19991009.0107 0
435 0 APW19991011.0022 0
435 0 APW19991011.0117 0
435 0 APW20000113.0004 0
435 0 APW20000113.0050 0
435 0 APW20000113.0091 0
435 0 APW20000411.0233 0
435 0 APW20000511.0185 0
435 0 APW20000605.0016 0
435 0 APW20000713.0102 0
435 0 APW20000722.0072 1
435 0 APW20000903.0029 0
435 0 NYT19980610.0161 0
435 0 NYT19980612.0319 0
435 0 NYT19980623.0383 0
435 0 NYT19980623.0443 0
435 0 NYT19980623.0452 0
435 0 NYT19980623.0502 0
435 0 NYT19980626.0093 0
435 0 NYT19980627.0072 0
435 0 NYT19980701.0180 0
435 0 NYT19980706.0181 0
435 0 NYT19980709.0313 0
435 0 NYT19980727.0265 0
435 0 NYT19980901.0459 0
435 0 NYT19980907.0032 0
435 0 NYT19980909.0424 0
435 0 NYT19980926.0091 0
435 0 NYT19980929.0332 0
435 0 NYT19980930.0276 0
435 0 NYT19981031.0070 1
435 0 NYT19981031.0113 1
435 0 NYT19981114.0100 0
435 0 NYT19981207.0238 0
435 0 NYT19981227.0094 0
435 0 NYT19990124.0107 0
435 0 NYT19990128.0167 2
435 0 NYT19990129.0073 2
435 0 NYT19990203.0373 0
435 0 NYT19990205.0258 0
435 0 NYT19990205.0391 0
435 0 NYT19990219.0159 0
435 0 NYT19990219.0160 0
435 0 NYT19990223.0126 0
435 0 NYT19990223.0127 0
435 0 NYT19990224.0159 0
435 0 NYT19990227.0091 0
435 0 NYT19990309.0170 0
435 0 NYT19990318.0055 0
435 0 NYT19990329.0519 0
435 0 NYT19990410.0090 0
435 0 NYT19990521.0253 0
435 0 NYT19990607.0390 0
435 0 NYT19990608.0263 0
435 0 NYT19990613.0081 0
435 0 NYT19990620.0080 0
435 0 NYT19990627.0064 0
435 0 NYT19990629.0324 0
435 0 NYT19990630.0040 0
435 0 NYT19990630.0044 0
435 0 NYT19990630.0133 0
435 0 NYT19990630.0310 0
435 0 NYT19990702.0270 0
435 0 NYT19990709.0322 0
435 0 NYT19990710.0157 0
435 0 NYT19990717.0006 0
435 0 NYT19990722.0072 0
435 0 NYT19990729.0440 0
435 0 NYT19990731.0084 1
435 0 NYT19990731.0194 0
435 0 NYT19990812.0377 0
435 0 NYT19990812.0378 0
435 0 NYT19990911.0134 0
435 0 NYT19990921.0283 0
435 0 NYT19990921.0302 0
435 0 NYT19991002.0086 0
435 0 NYT19991011.0088 0
435 0 NYT19991012.0118 1
435 0 NYT19991012.0119 1
435 0 NYT19991012.0142 0
435 0 NYT19991013.0016 0
435 0 NYT19991015.0089 0
435 0 NYT19991017.0133 0
435 0 NYT19991020.0370 0
435 0 NYT20000102.0083 0
435 0 NYT20000103.0275 0
435 0 NYT20000104.0358 0
435 0 NYT20000104.0359 0
435 0 NYT20000113.0002 0
435 0 NYT20000113.0013 0
435 0 NYT20000114.0249 0
435 0 NYT20000117.0251 0
435 0 NYT20000126.0472 0
435 0 NYT20000205.0108 0
435 0 NYT20000223.0366 1
435 0 NYT20000223.0498 1
435 0 NYT20000318.0180 0
435 0 NYT20000405.0345 0
435 0 NYT20000410.0221 0
435 0 NYT20000412.0343 0
435 0 NYT20000412.0445 0
435 0 NYT20000424.0095 0
435 0 NYT20000424.0388 0
435 0 NYT20000429.0114 0
435 0 NYT20000501.0259 0
435 0 NYT20000519.0115 0
435 0 NYT20000522.0068 0
435 0 NYT20000522.0069 0
435 0 NYT20000522.0070 0
435 0 NYT20000524.0323 0
435 0 NYT20000525.0042 0
435 0 NYT20000527.0107 0
435 0 NYT20000602.0319 0
435 0 NYT20000619.0331 0
435 0 NYT20000621.0027 0
435 0 NYT20000621.0113 0
435 0 NYT20000621.0114 0
435 0 NYT20000621.0115 0
435 0 NYT20000621.0409 0
435 0 NYT20000622.0078 0
435 0 NYT20000627.0334 0
435 0 NYT20000630.0223 0
435 0 NYT20000706.0265 0
435 0 NYT20000707.0309 0
435 0 NYT20000708.0085 0
435 0 NYT20000715.0039 0
435 0 NYT20000715.0114 0
435 0 NYT20000717.0306 0
435 0 NYT20000717.0310 0
435 0 NYT20000721.0361 0
435 0 NYT20000722.0025 0
435 0 NYT20000725.0164 0
435 0 NYT20000804.0078 0
435 0 NYT20000805.0221 0
435 0 NYT20000805.0222 0
435 0 NYT20000811.0365 0
435 0 NYT20000819.0137 0
435 0 NYT20000825.0345 0
435 0 NYT20000908.0329 0
435 0 NYT20000921.0344 0
435 0 XIE19960105.0082 0
435 0 XIE19960106.0027 0
435 0 XIE19960117.0038 0
435 0 XIE19960117.0211 0
435 0 XIE19960118.0059 0
435 0 XIE19960122.0096 0
435 0 XIE19960126.0164 0
435 0 XIE19960127.0035 0
435 0 XIE19960128.0108 0
435 0 XIE19960130.0222 0
435 0 XIE19960205.0029 0
435 0 XIE19960206.0028 1
435 0 XIE19960208.0026 0
435 0 XIE19960212.0113 0
435 0 XIE19960215.0004 1
435 0 XIE19960226.0232 2
435 0 XIE19960306.0216 0
435 0 XIE19960310.0052 0
435 0 XIE19960311.0063 2
435 0 XIE19960324.0161 1
435 0 XIE19960406.0088 0
435 0 XIE19960407.0091 2
435 0 XIE19960408.0053 0
435 0 XIE19960411.0130 0
435 0 XIE19960420.0077 0
435 0 XIE19960420.0108 0
435 0 XIE19960421.0073 0
435 0 XIE19960423.0025 0
435 0 XIE19960424.0174 0
435 0 XIE19960508.0010 0
435 0 XIE19960508.0195 0
435 0 XIE19960509.0015 0
435 0 XIE19960509.0185 0
435 0 XIE19960512.0136 0
435 0 XIE19960514.0268 0
435 0 XIE19960520.0269 0
435 0 XIE19960521.0028 0
435 0 XIE19960522.0102 0
435 0 XIE19960523.0070 0
435 0 XIE19960523.0099 2
435 0 XIE19960525.0004 2
435 0 XIE19960525.0019 0
435 0 XIE19960529.0170 0
435 0 XIE19960529.0279 0
435 0 XIE19960530.0015 0
435 0 XIE19960603.0054 2
435 0 XIE19960605.0122 0
435 0 XIE19960605.0125 0
435 0 XIE19960608.0034 0
435 0 XIE19960610.0037 0
435 0 XIE19960618.0276 0
435 0 XIE19960620.0177 0
435 0 XIE19960620.0214 0
435 0 XIE19960621.0249 0
435 0 XIE19960625.0159 0
435 0 XIE19960627.0243 1
435 0 XIE19960628.0027 1
435 0 XIE19960703.0295 0
435 0 XIE19960704.0015 0
435 0 XIE19960704.0166 0
435 0 XIE19960705.0124 0
435 0 XIE19960707.0032 0
435 0 XIE19960708.0100 1
435 0 XIE19960709.0205 0
435 0 XIE19960711.0051 1
435 0 XIE19960711.0076 0
435 0 XIE19960711.0242 0
435 0 XIE19960711.0249 0
435 0 XIE19960712.0037 0
435 0 XIE19960714.0056 1
435 0 XIE19960714.0068 1
435 0 XIE19960716.0105 0
435 0 XIE19960726.0016 0
435 0 XIE19960801.0090 0
435 0 XIE19960804.0174 0
435 0 XIE19960807.0104 0
435 0 XIE19960807.0127 2
435 0 XIE19960820.0153 0
435 0 XIE19960822.0079 0
435 0 XIE19960822.0117 0
435 0 XIE19960824.0012 0
435 0 XIE19960826.0001 0
435 0 XIE19960831.0196 0
435 0 XIE19960906.0195 0
435 0 XIE19960906.0220 0
435 0 XIE19960924.0219 0
435 0 XIE19960925.0074 0
435 0 XIE19960925.0262 1
435 0 XIE19961002.0110 1
435 0 XIE19961009.0254 0
435 0 XIE19961009.0280 0
435 0 XIE19961010.0037 0
435 0 XIE19961012.0096 0
435 0 XIE19961015.0024 0
435 0 XIE19961015.0039 0
435 0 XIE19961017.0130 1
435 0 XIE19961023.0035 0
435 0 XIE19961026.0097 0
435 0 XIE19961029.0142 0
435 0 XIE19961031.0301 0
435 0 XIE19961101.0187 1
435 0 XIE19961116.0091 0
435 0 XIE19961201.0135 0
435 0 XIE19961203.0004 0
435 0 XIE19961205.0198 0
435 0 XIE19961211.0088 0
435 0 XIE19961212.0213 0
435 0 XIE19961212.0218 0
435 0 XIE19961215.0137 0
435 0 XIE19961230.0070 0
435 0 XIE19970101.0076 1
435 0 XIE19970101.0083 0
435 0 XIE19970101.0170 0
435 0 XIE19970109.0234 0
435 0 XIE19970110.0056 0
435 0 XIE19970112.0119 0
435 0 XIE19970113.0019 0
435 0 XIE19970113.0135 1
435 0 XIE19970115.0186 0
435 0 XIE19970121.0023 0
435 0 XIE19970203.0168 0
435 0 XIE19970204.0043 0
435 0 XIE19970204.0117 2
435 0 XIE19970204.0189 0
435 0 XIE19970204.0213 0
435 0 XIE19970205.0059 0
435 0 XIE19970205.0143 1
435 0 XIE19970209.0049 0
435 0 XIE19970210.0012 0
435 0 XIE19970212.0182 2
435 0 XIE19970213.0235 0
435 0 XIE19970304.0330 0
435 0 XIE19970308.0071 0
435 0 XIE19970309.0126 1
435 0 XIE19970310.0037 0
435 0 XIE19970312.0094 1
435 0 XIE19970313.0070 0
435 0 XIE19970313.0199 1
435 0 XIE19970314.0293 1
435 0 XIE19970326.0006 0
435 0 XIE19970329.0070 0
435 0 XIE19970331.0140 1
435 0 XIE19970404.0256 0
435 0 XIE19970406.0161 1
435 0 XIE19970407.0013 1
435 0 XIE19970412.0034 0
435 0 XIE19970412.0106 0
435 0 XIE19970413.0139 0
435 0 XIE19970414.0017 0
435 0 XIE19970414.0061 0
435 0 XIE19970418.0119 0
435 0 XIE19970421.0100 2
435 0 XIE19970427.0043 0
435 0 XIE19970428.0094 0
435 0 XIE19970515.0162 0
435 0 XIE19970516.0270 0
435 0 XIE19970518.0196 0
435 0 XIE19970519.0101 0
435 0 XIE19970522.0028 0
435 0 XIE19970527.0020 0
435 0 XIE19970528.0196 0
435 0 XIE19970528.0269 1
435 0 XIE19970529.0024 0
435 0 XIE19970529.0197 2
435 0 XIE19970530.0149 0
435 0 XIE19970606.0244 0
435 0 XIE19970616.0157 0
435 0 XIE19970617.0014 0
435 0 XIE19970618.0171 0
435 0 XIE19970619.0262 0
435 0 XIE19970624.0104 0
435 0 XIE19970624.0307 0
435 0 XIE19970625.0221 0
435 0 XIE19970711.0063 1
435 0 XIE19970711.0135 1
435 0 XIE19970711.0145 2
435 0 XIE19970711.0167 0
435 0 XIE19970711.0170 1
435 0 XIE19970711.0206 0
435 0 XIE19970712.0068 0
435 0 XIE19970712.0205 0
435 0 XIE19970715.0192 1
435 0 XIE19970719.0013 0
435 0 XIE19970724.0244 0
435 0 XIE19970724.0258 1
435 0 XIE19970724.0262 0
435 0 XIE19970724.0263 0
435 0 XIE19970813.0089 0
435 0 XIE19970819.0134 0
435 0 XIE19970820.0068 0
435 0 XIE19970821.0131 1
435 0 XIE19970827.0100 1
435 0 XIE19970827.0106 0
435 0 XIE19970902.0014 0
435 0 XIE19970905.0027 0
435 0 XIE19970907.0092 0
435 0 XIE19970909.0176 0
435 0 XIE19970910.0214 0
435 0 XIE19970917.0134 1
435 0 XIE19970919.0048 0
435 0 XIE19970919.0301 0
435 0 XIE19970921.0191 0
435 0 XIE19970924.0224 0
435 0 XIE19970925.0006 0
435 0 XIE19970925.0174 0
435 0 XIE19970930.0141 0
435 0 XIE19971007.0159 0
435 0 XIE19971007.0240 0
435 0 XIE19971013.0101 0
435 0 XIE19971014.0137 0
435 0 XIE19971015.0094 0
435 0 XIE19971017.0139 0
435 0 XIE19971017.0197 0
435 0 XIE19971020.0088 0
435 0 XIE19971024.0111 0
435 0 XIE19971024.0186 0
435 0 XIE19971029.0285 0
435 0 XIE19971104.0116 1
435 0 XIE19971105.0215 1
435 0 XIE19971111.0014 0
435 0 XIE19971111.0289 0
435 0 XIE19971119.0121 1
435 0 XIE19971120.0112 0
435 0 XIE19971123.0101 0
435 0 XIE19971126.0067 1
435 0 XIE19971203.0196 1
435 0 XIE19971203.0302 0
435 0 XIE19971206.0071 0
435 0 XIE19971215.0044 0
435 0 XIE19971217.0192 1
435 0 XIE19971218.0322 0
435 0 XIE19971225.0228 0
435 0 XIE19971226.0073 2
435 0 XIE19971231.0031 0
435 0 XIE19971231.0248 0
435 0 XIE19980102.0064 0
435 0 XIE19980103.0101 0
435 0 XIE19980105.0069 0
435 0 XIE19980116.0145 0
435 0 XIE19980116.0275 0
435 0 XIE19980116.0277 0
435 0 XIE19980216.0062 1
435 0 XIE19980217.0089 2
435 0 XIE19980218.0205 0
435 0 XIE19980220.0148 0
435 0 XIE19980223.0065 1
435 0 XIE19980225.0157 0
435 0 XIE19980304.0106 0
435 0 XIE19980304.0195 0
435 0 XIE19980304.0219 0
435 0 XIE19980305.0024 2
435 0 XIE19980305.0283 0
435 0 XIE19980306.0080 0
435 0 XIE19980307.0007 1
435 0 XIE19980308.0098 0
435 0 XIE19980311.0044 2
435 0 XIE19980314.0175 0
435 0 XIE19980315.0050 0
435 0 XIE19980316.0066 2
435 0 XIE19980316.0250 2
435 0 XIE19980318.0037 1
435 0 XIE19980406.0015 0
435 0 XIE19980406.0019 1
435 0 XIE19980422.0230 0
435 0 XIE19980427.0225 1
435 0 XIE19980429.0101 0
435 0 XIE19980505.0200 1
435 0 XIE19980513.0169 0
435 0 XIE19980514.0059 0
435 0 XIE19980522.0047 0
435 0 XIE19980525.0236 0
435 0 XIE19980528.0353 0
435 0 XIE19980606.0053 0
435 0 XIE19980606.0189 0
435 0 XIE19980616.0135 0
435 0 XIE19980618.0194 0
435 0 XIE19980619.0076 0
435 0 XIE19980620.0072 0
435 0 XIE19980622.0250 0
435 0 XIE19980623.0264 0
435 0 XIE19980625.0363 0
435 0 XIE19980704.0216 1
435 0 XIE19980708.0097 0
435 0 XIE19980709.0013 0
435 0 XIE19980709.0225 0
435 0 XIE19980710.0023 0
435 0 XIE19980710.0044 0
435 0 XIE19980710.0140 0
435 0 XIE19980711.0044 0
435 0 XIE19980711.0127 2
435 0 XIE19980712.0044 1
435 0 XIE19980712.0100 1
435 0 XIE19980713.0098 2
435 0 XIE19980714.0264 1
435 0 XIE19980719.0034 0
435 0 XIE19980723.0251 2
435 0 XIE19980725.0136 0
435 0 XIE19980803.0015 1
435 0 XIE19980806.0141 0
435 0 XIE19980810.0188 0
435 0 XIE19980811.0015 1
435 0 XIE19980811.0221 0
435 0 XIE19980823.0102 0
435 0 XIE19980902.0144 1
435 0 XIE19980902.0202 0
435 0 XIE19980903.0013 0
435 0 XIE19980903.0292 0
435 0 XIE19980903.0304 0
435 0 XIE19980910.0200 1
435 0 XIE19980911.0041 0
435 0 XIE19980916.0271 2
435 0 XIE19980920.0028 0
435 0 XIE19980922.0134 0
435 0 XIE19980924.0109 2
435 0 XIE19981001.0229 0
435 0 XIE19981011.0090 0
435 0 XIE19981017.0051 0
435 0 XIE19981019.0007 0
435 0 XIE19981021.0301 0
435 0 XIE19981027.0120 1
435 0 XIE19981029.0037 0
435 0 XIE19981029.0042 0
435 0 XIE19981030.0112 0
435 0 XIE19981104.0247 0
435 0 XIE19981105.0312 0
435 0 XIE19981106.0076 1
435 0 XIE19981107.0011 0
435 0 XIE19981130.0089 1
435 0 XIE19981201.0045 0
435 0 XIE19981205.0120 0
435 0 XIE19981207.0012 0
435 0 XIE19981227.0085 0
435 0 XIE19990102.0108 0
435 0 XIE19990110.0017 0
435 0 XIE19990116.0041 1
435 0 XIE19990123.0150 0
435 0 XIE19990126.0031 0
435 0 XIE19990130.0060 1
435 0 XIE19990202.0329 2
435 0 XIE19990206.0047 1
435 0 XIE19990209.0210 1
435 0 XIE19990212.0119 0
435 0 XIE19990215.0117 2
435 0 XIE19990218.0162 1
435 0 XIE19990226.0061 0
435 0 XIE19990226.0135 0
435 0 XIE19990226.0224 0
435 0 XIE19990228.0131 0
435 0 XIE19990301.0008 0
435 0 XIE19990302.0192 0
435 0 XIE19990306.0135 0
435 0 XIE19990306.0267 0
435 0 XIE19990313.0014 0
435 0 XIE19990313.0048 0
435 0 XIE19990314.0064 0
435 0 XIE19990318.0187 0
435 0 XIE19990325.0424 0
435 0 XIE19990406.0028 2
435 0 XIE19990407.0296 1
435 0 XIE19990416.0088 0
435 0 XIE19990422.0127 0
435 0 XIE19990422.0305 0
435 0 XIE19990427.0319 1
435 0 XIE19990428.0331 0
435 0 XIE19990504.0163 0
435 0 XIE19990515.0147 1
435 0 XIE19990519.0045 0
435 0 XIE19990525.0044 0
435 0 XIE19990528.0207 2
435 0 XIE19990610.0128 0
435 0 XIE19990619.0205 0
435 0 XIE19990623.0239 1
435 0 XIE19990624.0112 0
435 0 XIE19990624.0179 2
435 0 XIE19990628.0038 1
435 0 XIE19990703.0048 0
435 0 XIE19990704.0145 0
435 0 XIE19990707.0227 1
435 0 XIE19990710.0093 0
435 0 XIE19990711.0092 0
435 0 XIE19990713.0026 1
435 0 XIE19990721.0038 0
435 0 XIE19990722.0028 0
435 0 XIE19990802.0018 0
435 0 XIE19990806.0168 0
435 0 XIE19990818.0069 0
435 0 XIE19990820.0123 0
435 0 XIE19990825.0383 0
435 0 XIE19990826.0234 1
435 0 XIE19990826.0239 1
435 0 XIE19990826.0251 0
435 0 XIE19990908.0056 1
435 0 XIE19990912.0074 0
435 0 XIE19990912.0078 1
435 0 XIE19990914.0160 0
435 0 XIE19990914.0279 2
435 0 XIE19990914.0280 2
435 0 XIE19990916.0154 0
435 0 XIE19990918.0045 0
435 0 XIE19990919.0157 2
435 0 XIE19990922.0195 0
435 0 XIE19990922.0212 0
435 0 XIE19990923.0013 2
435 0 XIE19990925.0182 0
435 0 XIE19991001.0172 0
435 0 XIE19991001.0193 0
435 0 XIE19991005.0208 0
435 0 XIE19991011.0016 0
435 0 XIE19991011.0086 2
435 0 XIE19991011.0087 2
435 0 XIE19991011.0092 2
435 0 XIE19991012.0007 2
435 0 XIE19991012.0025 0
435 0 XIE19991012.0101 2
435 0 XIE19991012.0158 2
435 0 XIE19991012.0255 2
435 0 XIE19991013.0012 0
435 0 XIE19991013.0161 1
435 0 XIE19991013.0174 1
435 0 XIE19991013.0186 0
435 0 XIE19991013.0305 1
435 0 XIE19991027.0269 2
435 0 XIE19991028.0010 0
435 0 XIE19991028.0040 0
435 0 XIE19991104.0234 0
435 0 XIE19991105.0041 0
435 0 XIE19991111.0039 0
435 0 XIE19991112.0056 0
435 0 XIE19991112.0331 0
435 0 XIE19991116.0304 1
435 0 XIE19991125.0042 0
435 0 XIE19991208.0085 0
435 0 XIE19991213.0169 0
435 0 XIE19991213.0181 0
435 0 XIE19991224.0122 0
435 0 XIE19991227.0201 0
435 0 XIE19991230.0155 0
435 0 XIE20000106.0169 0
435 0 XIE20000112.0061 0
435 0 XIE20000113.0169 2
435 0 XIE20000119.0098 0
435 0 XIE20000119.0307 0
435 0 XIE20000121.0006 0
435 0 XIE20000124.0260 0
435 0 XIE20000125.0233 0
435 0 XIE20000126.0243 1
435 0 XIE20000204.0217 0
435 0 XIE20000206.0043 0
435 0 XIE20000212.0029 0
435 0 XIE20000215.0077 0
435 0 XIE20000215.0126 0
435 0 XIE20000215.0247 1
435 0 XIE20000216.0030 2
435 0 XIE20000216.0259 1
435 0 XIE20000218.0284 0
435 0 XIE20000222.0253 0
435 0 XIE20000223.0190 0
435 0 XIE20000229.0234 0
435 0 XIE20000301.0058 1
435 0 XIE20000301.0095 0
435 0 XIE20000301.0257 0
435 0 XIE20000303.0176 0
435 0 XIE20000305.0019 1
435 0 XIE20000308.0013 0
435 0 XIE20000309.0016 0
435 0 XIE20000314.0220 0
435 0 XIE20000323.0261 0
435 0 XIE20000324.0326 0
435 0 XIE20000411.0063 0
435 0 XIE20000414.0105 0
435 0 XIE20000414.0222 0
435 0 XIE20000416.0004 0
435 0 XIE20000418.0160 2
435 0 XIE20000419.0284 0
435 0 XIE20000421.0162 0
435 0 XIE20000421.0191 0
435 0 XIE20000425.0284 1
435 0 XIE20000507.0143 0
435 0 XIE20000507.0155 0
435 0 XIE20000507.0156 0
435 0 XIE20000507.0157 0
435 0 XIE20000511.0156 2
435 0 XIE20000511.0171 2
435 0 XIE20000511.0172 0
435 0 XIE20000518.0109 0
435 0 XIE20000519.0253 1
435 0 XIE20000522.0309 1
435 0 XIE20000602.0122 0
435 0 XIE20000615.0049 0
435 0 XIE20000616.0159 0
435 0 XIE20000620.0116 2
435 0 XIE20000622.0078 0
435 0 XIE20000622.0219 0
435 0 XIE20000622.0279 2
435 0 XIE20000626.0291 0
435 0 XIE20000627.0045 0
435 0 XIE20000711.0135 1
435 0 XIE20000712.0001 2
435 0 XIE20000712.0159 2
435 0 XIE20000712.0261 0
435 0 XIE20000713.0114 0
435 0 XIE20000714.0002 0
435 0 XIE20000719.0080 1
435 0 XIE20000719.0182 2
435 0 XIE20000731.0093 0
435 0 XIE20000805.0069 0
435 0 XIE20000806.0034 0
435 0 XIE20000807.0090 0
435 0 XIE20000809.0304 0
435 0 XIE20000819.0061 1
435 0 XIE20000822.0152 0
435 0 XIE20000827.0042 1
435 0 XIE20000827.0309 1
435 0 XIE20000828.0219 0
435 0 XIE20000829.0231 0
435 0 XIE20000914.0154 0
435 0 XIE20000917.0044 0
435 0 XIE20000920.0237 0
435 0 XIE20000921.0285 0
435 0 XIE20000923.0014 0
435 0 XIE20000924.0017 0
435 0 XIE20000925.0107 2
435 0 XIE20000925.0237 0
435 0 XIE20000926.0053 0
435 0 XIE20000926.0117 0
435 0 XIE20000930.0218 0
