303 0 APW19980609.1531 2
303 0 APW19980610.1778 1
303 0 APW19980715.1061 2
303 0 APW19980910.1078 0
303 0 APW19980921.0915 0
303 0 APW19981008.1253 2
303 0 APW19981009.0469 0
303 0 APW19981020.1367 0
303 0 APW19981117.0121 0
303 0 APW19981117.0914 0
303 0 APW19981230.0800 0
303 0 APW19990103.0035 0
303 0 APW19990106.0156 2
303 0 APW19990107.0299 0
303 0 APW19990108.0103 2
303 0 APW19990108.0175 0
303 0 APW19990108.0283 2
303 0 APW19990120.0256 0
303 0 APW19990209.0272 0
303 0 APW19990209.0343 2
303 0 APW19990209.0357 2
303 0 APW19990209.0359 2
303 0 APW19990210.0167 2
303 0 APW19990210.0168 2
303 0 APW19990210.0356 2
303 0 APW19990210.0359 2
303 0 APW19990224.0040 2
303 0 APW19990224.0042 2
303 0 APW19990310.0063 0
303 0 APW19990310.0167 0
303 0 APW19990310.0227 0
303 0 APW19990311.0166 0
303 0 APW19990414.0120 2
303 0 APW19990414.0141 2
303 0 APW19990414.0198 2
303 0 APW19990416.0258 0
303 0 APW19990416.0302 0
303 0 APW19990417.0073 0
303 0 APW19990417.0118 0
303 0 APW19990423.0194 0
303 0 APW19990428.0195 0
303 0 APW19990516.0013 2
303 0 APW19990516.0127 2
303 0 APW19990519.0068 2
303 0 APW19990519.0070 2
303 0 APW19990519.0141 2
303 0 APW19990525.0223 1
303 0 APW19990601.0014 0
303 0 APW19990601.0297 0
303 0 APW19990601.0311 0
303 0 APW19990602.0039 1
303 0 APW19990602.0158 0
303 0 APW19990606.0052 0
303 0 APW19990606.0054 0
303 0 APW19990607.0194 0
303 0 APW19990607.0197 0
303 0 APW19990624.0050 0
303 0 APW19990624.0293 0
303 0 APW19990630.0303 0
303 0 APW19990709.0255 0
303 0 APW19990718.0024 0
303 0 APW19990723.0029 0
303 0 APW19990724.0076 0
303 0 APW19990731.0003 0
303 0 APW19990731.0045 0
303 0 APW19990731.0224 0
303 0 APW19990806.0310 0
303 0 APW19990811.0318 0
303 0 APW19990812.0160 0
303 0 APW19990824.0111 0
303 0 APW19990824.0166 0
303 0 APW19990826.0244 1
303 0 APW19990903.0123 0
303 0 APW19990903.0206 0
303 0 APW19990909.0053 0
303 0 APW19990917.0064 0
303 0 APW19990922.0248 0
303 0 APW19991006.0154 1
303 0 APW19991006.0285 1
303 0 APW19991007.0315 0
303 0 APW19991013.0171 0
303 0 APW19991031.0144 0
303 0 APW20000129.0082 0
303 0 APW20000321.0096 0
303 0 APW20000424.0192 0
303 0 APW20000426.0251 0
303 0 APW20000512.0102 0
303 0 APW20000609.0011 0
303 0 APW20000613.0088 0
303 0 APW20000826.0011 0
303 0 NYT19980601.0308 0
303 0 NYT19980611.0392 2
303 0 NYT19980615.0134 0
303 0 NYT19980629.0195 0
303 0 NYT19980701.0228 0
303 0 NYT19980716.0050 0
303 0 NYT19980728.0174 1
303 0 NYT19980728.0175 1
303 0 NYT19980729.0210 1
303 0 NYT19980729.0211 1
303 0 NYT19980730.0107 1
303 0 NYT19980730.0108 1
303 0 NYT19980803.0202 0
303 0 NYT19980804.0104 1
303 0 NYT19980804.0105 1
303 0 NYT19980811.0096 1
303 0 NYT19980811.0097 1
303 0 NYT19981007.0265 2
303 0 NYT19981008.0282 2
303 0 NYT19981008.0324 2
303 0 NYT19981008.0331 2
303 0 NYT19981008.0371 2
303 0 NYT19981012.0245 0
303 0 NYT19981019.0198 2
303 0 NYT19981019.0200 0
303 0 NYT19981024.0065 0
303 0 NYT19981123.0242 2
303 0 NYT19981123.0382 2
303 0 NYT19981228.0315 1
303 0 NYT19990103.0248 1
303 0 NYT19990106.0221 2
303 0 NYT19990107.0373 2
303 0 NYT19990108.0368 2
303 0 NYT19990111.0263 0
303 0 NYT19990120.0443 0
303 0 NYT19990129.0397 0
303 0 NYT19990129.0488 0
303 0 NYT19990208.0200 0
303 0 NYT19990211.0114 2
303 0 NYT19990310.0333 2
303 0 NYT19990310.0503 0
303 0 NYT19990311.0042 0
303 0 NYT19990314.0069 0
303 0 NYT19990329.0296 2
303 0 NYT19990419.0260 2
303 0 NYT19990520.0073 2
303 0 NYT19990525.0358 1
303 0 NYT19990526.0001 1
303 0 NYT19990526.0034 2
303 0 NYT19990531.0231 0
303 0 NYT19990601.0311 2
303 0 NYT19990605.0071 1
303 0 NYT19990605.0072 1
303 0 NYT19990607.0082 1
303 0 NYT19990607.0083 1
303 0 NYT19990607.0234 0
303 0 NYT19990609.0289 0
303 0 NYT19990712.0218 0
303 0 NYT19990718.0148 0
303 0 NYT19990718.0155 0
303 0 NYT19990719.0430 0
303 0 NYT19990723.0219 0
303 0 NYT19990723.0236 0
303 0 NYT19990727.0136 0
303 0 NYT19990727.0137 0
303 0 NYT19990727.0277 0
303 0 NYT19990809.0281 0
303 0 NYT19990812.0387 0
303 0 NYT19990813.0203 0
303 0 NYT19990816.0275 0
303 0 NYT19990821.0112 0
303 0 NYT19990823.0099 0
303 0 NYT19990823.0100 0
303 0 NYT19990826.0251 0
303 0 NYT19990826.0338 0
303 0 NYT19990830.0291 0
303 0 NYT19990909.0337 0
303 0 NYT19990922.0221 0
303 0 NYT19990922.0227 0
303 0 NYT19990927.0283 0
303 0 NYT19991026.0072 0
303 0 NYT19991026.0073 1
303 0 NYT19991026.0074 1
303 0 NYT19991026.0075 1
303 0 NYT19991028.0083 1
303 0 NYT19991028.0084 1
303 0 NYT19991028.0085 1
303 0 NYT19991028.0086 1
303 0 NYT19991101.0274 0
303 0 NYT19991105.0298 0
303 0 NYT19991115.0309 0
303 0 NYT19991115.0396 0
303 0 NYT19991206.0115 0
303 0 NYT19991208.0204 0
303 0 NYT19991208.0265 0
303 0 NYT19991208.0415 0
303 0 NYT19991209.0105 0
303 0 NYT19991210.0254 0
303 0 NYT19991210.0256 0
303 0 NYT19991213.0281 0
303 0 NYT19991213.0349 0
303 0 NYT19991214.0113 0
303 0 NYT19991214.0114 0
303 0 NYT19991214.0327 0
303 0 NYT19991215.0229 2
303 0 NYT19991215.0237 0
303 0 NYT19991216.0153 0
303 0 NYT19991216.0309 0
303 0 NYT19991216.0319 0
303 0 NYT19991217.0144 0
303 0 NYT19991217.0238 0
303 0 NYT19991217.0338 0
303 0 NYT19991219.0272 0
303 0 NYT19991220.0184 0
303 0 NYT19991220.0295 0
303 0 NYT19991220.0383 0
303 0 NYT19991221.0114 0
303 0 NYT19991221.0249 0
303 0 NYT19991221.0351 0
303 0 NYT19991222.0420 0
303 0 NYT19991222.0449 0
303 0 NYT19991223.0154 0
303 0 NYT19991223.0247 0
303 0 NYT19991223.0308 0
303 0 NYT19991223.0360 0
303 0 NYT19991223.0384 0
303 0 NYT19991227.0211 0
303 0 NYT19991227.0331 0
303 0 NYT19991227.0400 0
303 0 NYT19991228.0262 0
303 0 NYT20000106.0089 2
303 0 NYT20000110.0265 0
303 0 NYT20000113.0328 0
303 0 NYT20000113.0338 0
303 0 NYT20000118.0362 0
303 0 NYT20000119.0403 0
303 0 NYT20000124.0209 0
303 0 NYT20000124.0210 0
303 0 NYT20000128.0178 1
303 0 NYT20000208.0275 0
303 0 NYT20000209.0330 0
303 0 NYT20000210.0062 0
303 0 NYT20000210.0063 0
303 0 NYT20000217.0462 0
303 0 NYT20000222.0285 0
303 0 NYT20000306.0518 0
303 0 NYT20000418.0059 0
303 0 NYT20000427.0037 0
303 0 NYT20000518.0275 1
303 0 NYT20000529.0117 0
303 0 NYT20000602.0091 0
303 0 NYT20000602.0092 0
303 0 NYT20000602.0093 0
303 0 NYT20000605.0264 2
303 0 NYT20000723.0191 0
303 0 NYT20000725.0429 0
303 0 NYT20000731.0086 0
303 0 NYT20000731.0090 0
303 0 NYT20000731.0092 0
303 0 NYT20000731.0094 0
303 0 NYT20000731.0096 0
303 0 NYT20000731.0098 0
303 0 NYT20000803.0138 0
303 0 NYT20000803.0140 0
303 0 NYT20000803.0142 0
303 0 NYT20000803.0144 0
303 0 NYT20000928.0216 0
303 0 XIE19960129.0147 0
303 0 XIE19960227.0025 0
303 0 XIE19960309.0139 0
303 0 XIE19960309.0141 0
303 0 XIE19960314.0245 0
303 0 XIE19960315.0273 0
303 0 XIE19960316.0180 0
303 0 XIE19960319.0175 0
303 0 XIE19960326.0106 0
303 0 XIE19960416.0163 0
303 0 XIE19960423.0104 0
303 0 XIE19960503.0239 0
303 0 XIE19960523.0017 0
303 0 XIE19960610.0087 0
303 0 XIE19960617.0065 1
303 0 XIE19960627.0184 0
303 0 XIE19960709.0116 1
303 0 XIE19961026.0017 0
303 0 XIE19961030.0213 0
303 0 XIE19961108.0181 0
303 0 XIE19961119.0292 0
303 0 XIE19961207.0059 0
303 0 XIE19961227.0066 0
303 0 XIE19970102.0045 0
303 0 XIE19970119.0065 0
303 0 XIE19970203.0206 0
303 0 XIE19970211.0046 0
303 0 XIE19970211.0115 0
303 0 XIE19970221.0084 0
303 0 XIE19970421.0002 0
303 0 XIE19970422.0104 0
303 0 XIE19970513.0108 0
303 0 XIE19970620.0055 0
303 0 XIE19970702.0028 0
303 0 XIE19970715.0118 0
303 0 XIE19970724.0102 0
303 0 XIE19970730.0025 0
303 0 XIE19970807.0103 0
303 0 XIE19970817.0029 0
303 0 XIE19970822.0295 0
303 0 XIE19970902.0120 0
303 0 XIE19970903.0103 0
303 0 XIE19970919.0204 0
303 0 XIE19970922.0061 0
303 0 XIE19971008.0082 2
303 0 XIE19971017.0253 0
303 0 XIE19971022.0099 2
303 0 XIE19971105.0236 0
303 0 XIE19971208.0175 0
303 0 XIE19980114.0309 0
303 0 XIE19980115.0276 0
303 0 XIE19980117.0012 1
303 0 XIE19980119.0114 0
303 0 XIE19980224.0284 0
303 0 XIE19980302.0167 0
303 0 XIE19980306.0339 0
303 0 XIE19980605.0221 0
303 0 XIE19980610.0069 0
303 0 XIE19980725.0041 0
303 0 XIE19980806.0116 0
303 0 XIE19981010.0047 2
303 0 XIE19981023.0122 0
303 0 XIE19981114.0284 0
303 0 XIE19981116.0077 0
303 0 XIE19990109.0245 2
303 0 XIE19990127.0236 0
303 0 XIE19990416.0045 2
303 0 XIE19990501.0212 0
303 0 XIE19990503.0203 0
303 0 XIE19990609.0034 0
303 0 XIE19990723.0261 0
303 0 XIE19990812.0323 0
303 0 XIE19990813.0262 0
303 0 XIE19990813.0264 0
303 0 XIE19990813.0269 0
303 0 XIE19990813.0272 0
303 0 XIE19990904.0128 0
303 0 XIE19990904.0279 0
303 0 XIE19991022.0148 0
303 0 XIE19991116.0104 0
303 0 XIE19991212.0165 0
303 0 XIE19991216.0032 0
303 0 XIE19991224.0208 0
303 0 XIE19991228.0044 0
303 0 XIE19991228.0201 0
303 0 XIE20000314.0239 0
303 0 XIE20000519.0111 0
303 0 XIE20000522.0056 0
303 0 XIE20000524.0127 0
303 0 XIE20000615.0057 0
303 0 XIE20000703.0133 0
303 0 XIE20000725.0351 0
303 0 XIE20000923.0042 0
